3.8253641436913086,101,2014-02-02 10:56:32.215831,41.8882,12.4754,11.655100,7
3.8253641436913086,101,2014-02-02 10:56:32.216575,41.8882,12.4754,8.848600,7
2.2625288479474848,101,2014-02-02 10:56:39.962422,41.8883,12.4751,52.080900,7
2.2625288479474848,101,2014-02-02 10:56:56.415572,41.8884,12.4746,6.417900,7
2.2625288479474848,101,2014-02-02 10:56:56.416286,41.8884,12.4746,5.705600,7
2.2625288479474848,101,2014-02-02 10:57:01.218494,41.8885,12.4744,5.254700,7
2.2625288479474848,101,2014-02-02 10:57:16.226318,41.8886,12.474,5.222200,7
2.2625288479474848,101,2014-02-02 10:57:31.218890,41.8895,12.4742,5.441000,7
2.2625288479474848,101,2014-02-02 10:57:46.524711,41.8898,12.4743,5.407600,7
2.2625288479474848,101,2014-02-02 10:58:01.228558,41.8905,12.4746,5.798600,7
undefined,101,2014-03-01 11:30:45.782542,41.8906,12.5145,51.350900,7
undefined,101,2014-03-01 11:30:52.814528,41.8906,12.5149,4.578000,7
undefined,101,2014-02-02 10:50:26.323496,41.8889,12.4813,8.746400,7
undefined,101,2014-02-02 10:50:41.514277,41.8885,12.4814,9.463700,7
8.764694042208083,101,2014-02-02 10:50:56.088250,41.8885,12.4814,9.565600,7
8.764694042208083,101,2014-02-02 10:51:11.421090,41.8879,12.4811,9.600400,7
8.764694042208083,101,2014-02-02 10:51:26.189645,41.8879,12.4806,9.779600,7
5.12615654953649,101,2014-02-02 10:51:41.138392,41.8886,12.4804,10.106800,7
5.12615654953649,101,2014-02-02 10:51:56.412305,41.8891,12.4797,9.760100,7
5.12615654953649,101,2014-02-02 10:52:11.632478,41.8891,12.4783,9.546200,7
5.12615654953649,101,2014-02-02 10:52:26.176953,41.888000000000005,12.4789,9.518500,7
3.8253641436913086,101,2014-02-02 10:56:32.215831,41.8882,12.4754,9.482000,7
3.8253641436913086,101,2014-02-02 10:56:32.216575,41.8882,12.4754,9.806400,7
2.2625288479474848,101,2014-02-02 10:56:39.962422,41.8883,12.4751,54.624200,7
2.2625288479474848,101,2014-02-02 10:56:56.415572,41.8884,12.4746,10.801800,7
2.2625288479474848,101,2014-02-02 10:56:56.416286,41.8884,12.4746,5.757600,7
2.2625288479474848,101,2014-02-02 10:57:01.218494,41.8885,12.4744,54.747900,7
2.2625288479474848,101,2014-02-02 10:57:16.226318,41.8886,12.474,9.458300,7
2.2625288479474848,101,2014-02-02 10:57:31.218890,41.8895,12.4742,9.356800,7
2.2625288479474848,101,2014-02-02 10:57:46.524711,41.8898,12.4743,9.462700,7
2.2625288479474848,101,2014-02-02 10:58:01.228558,41.8905,12.4746,11.496600,7
undefined,101,2014-03-01 11:30:45.782542,41.8906,12.5145,10.167000,7
undefined,101,2014-03-01 11:30:52.814528,41.8906,12.5149,9.944100,7
undefined,101,2014-02-02 10:50:26.323496,41.8889,12.4813,10.168100,7
undefined,101,2014-02-02 10:50:41.514277,41.8885,12.4814,9.500000,7
8.764694042208083,101,2014-02-02 10:50:56.088250,41.8885,12.4814,9.623900,7
8.764694042208083,101,2014-02-02 10:51:11.421090,41.8879,12.4811,9.431800,7
8.764694042208083,101,2014-02-02 10:51:26.189645,41.8879,12.4806,10.933100,7
5.12615654953649,101,2014-02-02 10:51:41.138392,41.8886,12.4804,11.419800,7
5.12615654953649,101,2014-02-02 10:51:56.412305,41.8891,12.4797,10.169900,7
5.12615654953649,101,2014-02-02 10:52:11.632478,41.8891,12.4783,9.482300,7
5.12615654953649,101,2014-02-02 10:52:26.176953,41.888000000000005,12.4789,10.365400,7
3.8253641436913086,101,2014-02-02 10:56:32.215831,41.8882,12.4754,9.432700,7
3.8253641436913086,101,2014-02-02 10:56:32.216575,41.8882,12.4754,9.404400,7
2.2625288479474848,101,2014-02-02 10:56:39.962422,41.8883,12.4751,58.460200,7
2.2625288479474848,101,2014-02-02 10:56:56.415572,41.8884,12.4746,9.401700,7
2.2625288479474848,101,2014-02-02 10:56:56.416286,41.8884,12.4746,5.438300,7
2.2625288479474848,101,2014-02-02 10:57:01.218494,41.8885,12.4744,9.973800,7
2.2625288479474848,101,2014-02-02 10:57:16.226318,41.8886,12.474,9.548300,7
2.2625288479474848,101,2014-02-02 10:57:31.218890,41.8895,12.4742,9.221700,7
2.2625288479474848,101,2014-02-02 10:57:46.524711,41.8898,12.4743,10.129700,7
2.2625288479474848,101,2014-02-02 10:58:01.228558,41.8905,12.4746,9.857000,7
undefined,101,2014-03-01 11:30:45.782542,41.8906,12.5145,9.775300,7
undefined,101,2014-03-01 11:30:52.814528,41.8906,12.5149,9.651300,7
undefined,101,2014-02-02 10:50:26.323496,41.8889,12.4813,62.814200,7
undefined,101,2014-02-02 10:50:41.514277,41.8885,12.4814,9.348400,7
8.764694042208083,101,2014-02-02 10:50:56.088250,41.8885,12.4814,9.329000,7
8.764694042208083,101,2014-02-02 10:51:11.421090,41.8879,12.4811,9.382900,7
8.764694042208083,101,2014-02-02 10:51:26.189645,41.8879,12.4806,9.329500,7
5.12615654953649,101,2014-02-02 10:51:41.138392,41.8886,12.4804,50.065400,7
5.12615654953649,101,2014-02-02 10:51:56.412305,41.8891,12.4797,9.862500,7
5.12615654953649,101,2014-02-02 10:52:11.632478,41.8891,12.4783,9.852300,7
5.12615654953649,101,2014-02-02 10:52:26.176953,41.888000000000005,12.4789,10.067200,7
3.8253641436913086,101,2014-02-02 10:56:32.215831,41.8882,12.4754,9.545700,7
3.8253641436913086,101,2014-02-02 10:56:32.216575,41.8882,12.4754,9.624500,7
2.2625288479474848,101,2014-02-02 10:56:39.962422,41.8883,12.4751,59.280700,7
2.2625288479474848,101,2014-02-02 10:56:56.415572,41.8884,12.4746,9.547300,7
2.2625288479474848,101,2014-02-02 10:56:56.416286,41.8884,12.4746,6.076500,7
2.2625288479474848,101,2014-02-02 10:57:01.218494,41.8885,12.4744,13.312100,7
2.2625288479474848,101,2014-02-02 10:57:16.226318,41.8886,12.474,9.574000,7
2.2625288479474848,101,2014-02-02 10:57:31.218890,41.8895,12.4742,9.608400,7
2.2625288479474848,101,2014-02-02 10:57:46.524711,41.8898,12.4743,9.460000,7
2.2625288479474848,101,2014-02-02 10:58:01.228558,41.8905,12.4746,9.908700,7
4.3060618880176955,101,2014-02-02 11:40:16.523717,41.8904,12.5332,9.337600,7
4.3060618880176955,101,2014-02-02 11:40:31.238685,41.8903,12.5337,9.564700,7
4.3060618880176955,101,2014-02-02 11:40:50.267340,41.8902,12.5346,4.743800,2
4.3060618880176955,101,2014-02-02 11:41:01.229489,41.8898,12.5346,8.735000,2
4.3060618880176955,101,2014-02-02 11:41:16.231537,41.8897,12.5346,9.527100,2
4.3060618880176955,101,2014-02-02 11:41:31.237469,41.8897,12.5346,9.337300,2
12.534863999365509,101,2014-02-02 11:41:47.036041,41.8897,12.5346,26.078100,2
12.534863999365509,101,2014-02-02 11:42:01.233119,41.8897,12.5346,26.610100,2
12.534863999365509,101,2014-02-02 11:42:16.671346,41.8897,12.5346,26.731000,2
12.534863999365509,101,2014-02-02 11:42:31.300315,41.8897,12.5346,26.786600,2
12.534863999365509,101,2014-02-02 11:42:46.301285,41.8897,12.5346,26.680100,2
12.534863999365509,101,2014-02-02 11:43:01.300017,41.8897,12.5346,26.813700,2
undefined,101,2014-03-01 11:30:45.782542,41.8906,12.5145,13.475500,2
undefined,101,2014-03-01 11:30:52.814528,41.8906,12.5149,26.180300,2
undefined,101,2014-02-02 10:50:26.323496,41.8889,12.4813,0.060800,2
undefined,101,2014-02-02 10:50:41.514277,41.8885,12.4814,67.650900,2
8.764694042208083,101,2014-02-02 10:50:56.088250,41.8885,12.4814,25.866700,2
8.764694042208083,101,2014-02-02 10:51:11.421090,41.8879,12.4811,25.792200,2
8.764694042208083,101,2014-02-02 10:51:26.189645,41.8879,12.4806,25.834200,2
5.12615654953649,101,2014-02-02 10:51:41.138392,41.8886,12.4804,26.190000,2
5.12615654953649,101,2014-02-02 10:51:56.412305,41.8891,12.4797,82.603100,2
5.12615654953649,101,2014-02-02 10:52:11.632478,41.8891,12.4783,73.679200,2
5.12615654953649,101,2014-02-02 10:52:26.176953,41.888000000000005,12.4789,26.483400,2
3.8253641436913086,101,2014-02-02 10:56:32.215831,41.8882,12.4754,25.735200,2
3.8253641436913086,101,2014-02-02 10:56:32.216575,41.8882,12.4754,14.279100,2
2.2625288479474848,101,2014-02-02 10:56:39.962422,41.8883,12.4751,86.106300,2
2.2625288479474848,101,2014-02-02 10:56:56.415572,41.8884,12.4746,26.288700,2
2.2625288479474848,101,2014-02-02 10:56:56.416286,41.8884,12.4746,14.220800,2
2.2625288479474848,101,2014-02-02 10:57:01.218494,41.8885,12.4744,83.556300,2
2.2625288479474848,101,2014-02-02 10:57:16.226318,41.8886,12.474,25.888200,2
2.2625288479474848,101,2014-02-02 10:57:31.218890,41.8895,12.4742,26.108100,2
2.2625288479474848,101,2014-02-02 10:57:46.524711,41.8898,12.4743,27.630400,2
2.2625288479474848,101,2014-02-02 10:58:01.228558,41.8905,12.4746,25.805000,2
4.3060618880176955,101,2014-02-02 11:40:16.523717,41.8904,12.5332,20.707600,2
4.3060618880176955,101,2014-02-02 11:40:31.238685,41.8903,12.5337,26.257600,2
4.3060618880176955,101,2014-02-02 11:40:50.267340,41.8902,12.5346,25.806000,2
4.3060618880176955,101,2014-02-02 11:41:01.229489,41.8898,12.5346,26.345600,2
4.3060618880176955,101,2014-02-02 11:41:16.231537,41.8897,12.5346,25.835800,2
4.3060618880176955,101,2014-02-02 11:41:31.237469,41.8897,12.5346,25.717600,2
12.534863999365509,101,2014-02-02 11:41:47.036041,41.8897,12.5346,25.801600,2
12.534863999365509,101,2014-02-02 11:42:01.233119,41.8897,12.5346,26.231800,2
12.534863999365509,101,2014-02-02 11:42:16.671346,41.8897,12.5346,25.899800,2
12.534863999365509,101,2014-02-02 11:42:31.300315,41.8897,12.5346,25.931200,2
12.534863999365509,101,2014-02-02 11:42:46.301285,41.8897,12.5346,25.920900,2
12.534863999365509,101,2014-02-02 11:43:01.300017,41.8897,12.5346,26.772700,2
undefined,101,2014-03-01 11:30:45.782542,41.8906,12.5145,32.580400,2
undefined,101,2014-03-01 11:30:52.814528,41.8906,12.5149,45.050000,2
undefined,101,2014-02-02 10:50:26.323496,41.8889,12.4813,45.731600,2
undefined,101,2014-02-02 10:50:41.514277,41.8885,12.4814,25.865200,2
8.764694042208083,101,2014-02-02 10:50:56.088250,41.8885,12.4814,25.791300,2
8.764694042208083,101,2014-02-02 10:51:11.421090,41.8879,12.4811,25.866600,2
8.764694042208083,101,2014-02-02 10:51:26.189645,41.8879,12.4806,25.834900,2
5.12615654953649,101,2014-02-02 10:51:41.138392,41.8886,12.4804,25.853500,2
5.12615654953649,101,2014-02-02 10:51:56.412305,41.8891,12.4797,72.707000,2
5.12615654953649,101,2014-02-02 10:52:11.632478,41.8891,12.4783,27.146500,2
5.12615654953649,101,2014-02-02 10:52:26.176953,41.888000000000005,12.4789,26.361500,2
3.8253641436913086,101,2014-02-02 10:56:32.215831,41.8882,12.4754,26.046900,2
3.8253641436913086,101,2014-02-02 10:56:32.216575,41.8882,12.4754,26.259500,2
2.2625288479474848,101,2014-02-02 10:56:39.962422,41.8883,12.4751,26.115700,2
2.2625288479474848,101,2014-02-02 10:56:56.415572,41.8884,12.4746,25.153400,2
2.2625288479474848,101,2014-02-02 10:56:56.416286,41.8884,12.4746,13.469900,2
2.2625288479474848,101,2014-02-02 10:57:01.218494,41.8885,12.4744,72.852100,2
2.2625288479474848,101,2014-02-02 10:57:16.226318,41.8886,12.474,26.348200,2
2.2625288479474848,101,2014-02-02 10:57:31.218890,41.8895,12.4742,25.709500,2
2.2625288479474848,101,2014-02-02 10:57:46.524711,41.8898,12.4743,25.885200,2
2.2625288479474848,101,2014-02-02 10:58:01.228558,41.8905,12.4746,26.049900,2
4.3060618880176955,101,2014-02-02 11:40:16.523717,41.8904,12.5332,23.082400,2
4.3060618880176955,101,2014-02-02 11:40:31.238685,41.8903,12.5337,25.790000,2
4.3060618880176955,101,2014-02-02 11:40:50.267340,41.8902,12.5346,25.673900,2
4.3060618880176955,101,2014-02-02 11:41:01.229489,41.8898,12.5346,25.741500,2
4.3060618880176955,101,2014-02-02 11:41:16.231537,41.8897,12.5346,25.856100,2
4.3060618880176955,101,2014-02-02 11:41:31.237469,41.8897,12.5346,26.014300,2
12.534863999365509,101,2014-02-02 11:41:47.036041,41.8897,12.5346,25.765300,2
12.534863999365509,101,2014-02-02 11:42:01.233119,41.8897,12.5346,25.816700,2
12.534863999365509,101,2014-02-02 11:42:16.671346,41.8897,12.5346,25.879800,2
12.534863999365509,101,2014-02-02 11:42:31.300315,41.8897,12.5346,25.786200,2
12.534863999365509,101,2014-02-02 11:42:46.301285,41.8897,12.5346,25.951500,2
12.534863999365509,101,2014-02-02 11:43:01.300017,41.8897,12.5346,25.808000,2
undefined,101,2014-03-01 11:30:45.782542,41.8906,12.5145,13.265000,2
undefined,101,2014-03-01 11:30:52.814528,41.8906,12.5149,25.883900,2
undefined,101,2014-02-02 10:50:26.323496,41.8889,12.4813,92.435200,2
undefined,101,2014-02-02 10:50:41.514277,41.8885,12.4814,25.997000,2
8.764694042208083,101,2014-02-02 10:50:56.088250,41.8885,12.4814,25.807000,2
8.764694042208083,101,2014-02-02 10:51:11.421090,41.8879,12.4811,26.163500,2
8.764694042208083,101,2014-02-02 10:51:26.189645,41.8879,12.4806,25.954400,2
5.12615654953649,101,2014-02-02 10:51:41.138392,41.8886,12.4804,25.970900,2
5.12615654953649,101,2014-02-02 10:51:56.412305,41.8891,12.4797,25.959400,2
5.12615654953649,101,2014-02-02 10:52:11.632478,41.8891,12.4783,25.863500,2
5.12615654953649,101,2014-02-02 10:52:26.176953,41.888000000000005,12.4789,25.908500,2
3.8253641436913086,101,2014-02-02 10:56:32.215831,41.8882,12.4754,26.038600,2
3.8253641436913086,101,2014-02-02 10:56:32.216575,41.8882,12.4754,26.425600,2
2.2625288479474848,101,2014-02-02 10:56:39.962422,41.8883,12.4751,26.468500,2
2.2625288479474848,101,2014-02-02 10:56:56.415572,41.8884,12.4746,26.341700,2
2.2625288479474848,101,2014-02-02 10:56:56.416286,41.8884,12.4746,13.518700,2
2.2625288479474848,101,2014-02-02 10:57:01.218494,41.8885,12.4744,72.582900,2
2.2625288479474848,101,2014-02-02 10:57:16.226318,41.8886,12.474,26.001900,2
2.2625288479474848,101,2014-02-02 10:57:31.218890,41.8895,12.4742,25.832900,2
2.2625288479474848,101,2014-02-02 10:57:46.524711,41.8898,12.4743,25.997600,2
2.2625288479474848,101,2014-02-02 10:58:01.228558,41.8905,12.4746,26.768400,2
4.3060618880176955,101,2014-02-02 11:40:16.523717,41.8904,12.5332,25.815900,2
4.3060618880176955,101,2014-02-02 11:40:31.238685,41.8903,12.5337,25.782700,2
4.3060618880176955,101,2014-02-02 11:40:50.267340,41.8902,12.5346,25.867200,2
4.3060618880176955,101,2014-02-02 11:41:01.229489,41.8898,12.5346,25.808800,2
4.3060618880176955,101,2014-02-02 11:41:16.231537,41.8897,12.5346,25.701100,2
4.3060618880176955,101,2014-02-02 11:41:31.237469,41.8897,12.5346,26.070600,2
12.534863999365509,101,2014-02-02 11:41:47.036041,41.8897,12.5346,25.908200,2
12.534863999365509,101,2014-02-02 11:42:01.233119,41.8897,12.5346,25.871800,2
12.534863999365509,101,2014-02-02 11:42:16.671346,41.8897,12.5346,26.387200,2
12.534863999365509,101,2014-02-02 11:42:31.300315,41.8897,12.5346,26.064400,2
12.534863999365509,101,2014-02-02 11:42:46.301285,41.8897,12.5346,25.814100,2
12.534863999365509,101,2014-02-02 11:43:01.300017,41.8897,12.5346,25.941200,2
undefined,101,2014-03-01 11:30:45.782542,41.8906,12.5145,13.567500,2
undefined,101,2014-03-01 11:30:52.814528,41.8906,12.5149,26.525400,2
undefined,101,2014-02-02 10:50:26.323496,41.8889,12.4813,92.867000,2
undefined,101,2014-02-02 10:50:41.514277,41.8885,12.4814,25.744600,2
8.764694042208083,101,2014-02-02 10:50:56.088250,41.8885,12.4814,25.798600,2
8.764694042208083,101,2014-02-02 10:51:11.421090,41.8879,12.4811,26.171000,2
8.764694042208083,101,2014-02-02 10:51:26.189645,41.8879,12.4806,26.161200,2
5.12615654953649,101,2014-02-02 10:51:41.138392,41.8886,12.4804,26.489700,2
5.12615654953649,101,2014-02-02 10:51:56.412305,41.8891,12.4797,25.946700,2
5.12615654953649,101,2014-02-02 10:52:11.632478,41.8891,12.4783,25.968500,2
5.12615654953649,101,2014-02-02 10:52:26.176953,41.888000000000005,12.4789,26.155100,2
3.8253641436913086,101,2014-02-02 10:56:32.215831,41.8882,12.4754,26.044900,2
3.8253641436913086,101,2014-02-02 10:56:32.216575,41.8882,12.4754,7.047000,2
2.2625288479474848,101,2014-02-02 10:56:39.962422,41.8883,12.4751,19.731400,2
2.2625288479474848,101,2014-02-02 10:56:56.415572,41.8884,12.4746,26.869200,2
2.2625288479474848,101,2014-02-02 10:56:56.416286,41.8884,12.4746,16.403200,2
2.2625288479474848,101,2014-02-02 10:57:01.218494,41.8885,12.4744,82.793400,2
2.2625288479474848,101,2014-02-02 10:57:16.226318,41.8886,12.474,69.975000,2
2.2625288479474848,101,2014-02-02 10:57:31.218890,41.8895,12.4742,26.687000,2
2.2625288479474848,101,2014-02-02 10:57:46.524711,41.8898,12.4743,26.121400,2
2.2625288479474848,101,2014-02-02 10:58:01.228558,41.8905,12.4746,26.009400,2
4.3060618880176955,101,2014-02-02 11:40:16.523717,41.8904,12.5332,26.773000,2
4.3060618880176955,101,2014-02-02 11:40:31.238685,41.8903,12.5337,25.851700,2
4.3060618880176955,101,2014-02-02 11:40:50.267340,41.8902,12.5346,26.164700,2
4.3060618880176955,101,2014-02-02 11:41:01.229489,41.8898,12.5346,26.755400,2
4.3060618880176955,101,2014-02-02 11:41:16.231537,41.8897,12.5346,25.849400,2
4.3060618880176955,101,2014-02-02 11:41:31.237469,41.8897,12.5346,25.949700,2
12.534863999365509,101,2014-02-02 11:41:47.036041,41.8897,12.5346,26.717800,2
12.534863999365509,101,2014-02-02 11:42:01.233119,41.8897,12.5346,26.679100,2
12.534863999365509,101,2014-02-02 11:42:16.671346,41.8897,12.5346,26.530600,2
12.534863999365509,101,2014-02-02 11:42:31.300315,41.8897,12.5346,26.292800,2
12.534863999365509,101,2014-02-02 11:42:46.301285,41.8897,12.5346,26.054900,2
12.534863999365509,101,2014-02-02 11:43:01.300017,41.8897,12.5346,26.511900,2
undefined,101,2014-03-01 11:30:45.782542,41.8906,12.5145,11.546200,2
undefined,101,2014-03-01 11:30:52.814528,41.8906,12.5149,24.325100,2
undefined,101,2014-02-02 10:50:26.323496,41.8889,12.4813,91.241700,2
undefined,101,2014-02-02 10:50:41.514277,41.8885,12.4814,26.014100,2
8.764694042208083,101,2014-02-02 10:50:56.088250,41.8885,12.4814,26.190300,2
8.764694042208083,101,2014-02-02 10:51:11.421090,41.8879,12.4811,26.198900,2
8.764694042208083,101,2014-02-02 10:51:26.189645,41.8879,12.4806,26.245100,2
5.12615654953649,101,2014-02-02 10:51:41.138392,41.8886,12.4804,26.058600,2
5.12615654953649,101,2014-02-02 10:51:56.412305,41.8891,12.4797,26.905200,2
5.12615654953649,101,2014-02-02 10:52:11.632478,41.8891,12.4783,26.093100,2
5.12615654953649,101,2014-02-02 10:52:26.176953,41.888000000000005,12.4789,26.481200,2
3.8253641436913086,101,2014-02-02 10:56:32.215831,41.8882,12.4754,25.816500,2
3.8253641436913086,101,2014-02-02 10:56:32.216575,41.8882,12.4754,72.821600,2
2.2625288479474848,101,2014-02-02 10:56:39.962422,41.8883,12.4751,83.284800,2
2.2625288479474848,101,2014-02-02 10:56:56.415572,41.8884,12.4746,13.702800,2
2.2625288479474848,101,2014-02-02 10:56:56.416286,41.8884,12.4746,12.620100,2
2.2625288479474848,101,2014-02-02 10:57:01.218494,41.8885,12.4744,24.965300,2
2.2625288479474848,101,2014-02-02 10:57:16.226318,41.8886,12.474,25.797200,2
2.2625288479474848,101,2014-02-02 10:57:31.218890,41.8895,12.4742,26.213100,2
2.2625288479474848,101,2014-02-02 10:57:46.524711,41.8898,12.4743,26.297700,2
2.2625288479474848,101,2014-02-02 10:58:01.228558,41.8905,12.4746,26.270500,2
4.3060618880176955,101,2014-02-02 11:40:16.523717,41.8904,12.5332,26.514000,2
4.3060618880176955,101,2014-02-02 11:40:31.238685,41.8903,12.5337,25.867800,2
4.3060618880176955,101,2014-02-02 11:40:50.267340,41.8902,12.5346,25.896100,2
4.3060618880176955,101,2014-02-02 11:41:01.229489,41.8898,12.5346,26.731600,2
4.3060618880176955,101,2014-02-02 11:41:16.231537,41.8897,12.5346,25.772600,2
4.3060618880176955,101,2014-02-02 11:41:31.237469,41.8897,12.5346,25.973300,2
12.534863999365509,101,2014-02-02 11:41:47.036041,41.8897,12.5346,26.174500,2
12.534863999365509,101,2014-02-02 11:42:01.233119,41.8897,12.5346,69.974700,2
12.534863999365509,101,2014-02-02 11:42:16.671346,41.8897,12.5346,25.870100,2
12.534863999365509,101,2014-02-02 11:42:31.300315,41.8897,12.5346,25.918300,2
12.534863999365509,101,2014-02-02 11:42:46.301285,41.8897,12.5346,26.248300,2
12.534863999365509,101,2014-02-02 11:43:01.300017,41.8897,12.5346,25.873100,2
4.3060618880176955,101,2014-02-02 11:40:16.523717,41.8904,12.5332,25.757100,2
4.3060618880176955,101,2014-02-02 11:40:31.238685,41.8903,12.5337,25.761000,2
4.3060618880176955,101,2014-02-02 11:40:50.267340,41.8902,12.5346,25.814700,2
4.3060618880176955,101,2014-02-02 11:41:01.229489,41.8898,12.5346,25.754700,2
4.3060618880176955,101,2014-02-02 11:41:16.231537,41.8897,12.5346,25.809400,2
4.3060618880176955,101,2014-02-02 11:41:31.237469,41.8897,12.5346,26.290300,2
12.534863999365509,101,2014-02-02 11:41:47.036041,41.8897,12.5346,27.358100,2
12.534863999365509,101,2014-02-02 11:42:01.233119,41.8897,12.5346,79.335300,2
12.534863999365509,101,2014-02-02 11:42:16.671346,41.8897,12.5346,26.399400,2
12.534863999365509,101,2014-02-02 11:42:31.300315,41.8897,12.5346,25.877300,2
12.534863999365509,101,2014-02-02 11:42:46.301285,41.8897,12.5346,25.898800,2
12.534863999365509,101,2014-02-02 11:43:01.300017,41.8897,12.5346,27.295900,2
4.3060618880176955,101,2014-02-02 11:40:16.523717,41.8904,12.5332,25.849700,2
4.3060618880176955,101,2014-02-02 11:40:31.238685,41.8903,12.5337,25.758100,2
4.3060618880176955,101,2014-02-02 11:40:50.267340,41.8902,12.5346,26.106900,2
4.3060618880176955,101,2014-02-02 11:41:01.229489,41.8898,12.5346,26.249100,2
4.3060618880176955,101,2014-02-02 11:41:16.231537,41.8897,12.5346,26.036500,2
4.3060618880176955,101,2014-02-02 11:41:31.237469,41.8897,12.5346,26.696300,2
12.534863999365509,101,2014-02-02 11:41:47.036041,41.8897,12.5346,26.823700,2
12.534863999365509,101,2014-02-02 11:42:01.233119,41.8897,12.5346,79.039800,2
12.534863999365509,101,2014-02-02 11:42:16.671346,41.8897,12.5346,25.880500,2
12.534863999365509,101,2014-02-02 11:42:31.300315,41.8897,12.5346,26.357600,2
12.534863999365509,101,2014-02-02 11:42:46.301285,41.8897,12.5346,26.275700,2
12.534863999365509,101,2014-02-02 11:43:01.300017,41.8897,12.5346,26.336200,2
4.3060618880176955,101,2014-02-02 11:40:16.523717,41.8904,12.5332,25.846000,2
4.3060618880176955,101,2014-02-02 11:40:31.238685,41.8903,12.5337,25.845500,2
4.3060618880176955,101,2014-02-02 11:40:50.267340,41.8902,12.5346,25.949600,2
4.3060618880176955,101,2014-02-02 11:41:01.229489,41.8898,12.5346,26.198000,2
4.3060618880176955,101,2014-02-02 11:41:16.231537,41.8897,12.5346,25.999500,2
4.3060618880176955,101,2014-02-02 11:41:31.237469,41.8897,12.5346,26.641700,2
12.534863999365509,101,2014-02-02 11:41:47.036041,41.8897,12.5346,27.504900,2
12.534863999365509,101,2014-02-02 11:42:01.233119,41.8897,12.5346,72.701300,2
12.534863999365509,101,2014-02-02 11:42:16.671346,41.8897,12.5346,27.411600,2
12.534863999365509,101,2014-02-02 11:42:31.300315,41.8897,12.5346,26.470200,2
12.534863999365509,101,2014-02-02 11:42:46.301285,41.8897,12.5346,26.684200,2
12.534863999365509,101,2014-02-02 11:43:01.300017,41.8897,12.5346,26.715000,2
