1840000
1679000
2096000
1827000
1584000
1675000
2750000
611000
2023000
2076000
2070000
2037000
2071000
2080000
2066000
2015000
2016000
604000
2061000
621000
604000
2008000
2054000
2108000
2084000
2226000
2017000
2096000
2030000
602000
2109000
2101000
2124000
2117000
2103000
1657000
2126000
2109000
2097000
2092000
2125000
2199000
2098000
2109000
2093000
2158000
2096000
2095000
2103000
2115000
2096000
2096000
2094000
2096000
2137000
2104000
2099000
1802000
2048000
2120000
2096000
2105000
2067000
2140000
2118000
2110000
2100000
2124000
2081000
2103000
2098000
2090000
2127000
2098000
2085000
2098000
2117000
600000
608000
2092000
2079000
2103000
2095000
2099000
2096000
2095000
2112000
2101000
2096000
2097000
2105000
2106000
2117000
2094000
2122000
2094000
2090000
2110000
2097000
1956000
2023000
2013000
2030000
2018000
1981000
2034000
2045000
2032000
2014000
1918000
2024000
2014000
1745000
2040000
2021000
2025000
2048000
2027000
1941000
2015000
2015000
2033000
2022000
2016000
2076000
1772000
2015000
2027000
2020000
2016000
2099000
2036000
2101000
2099000
2085000
2096000
2115000
2091000
2111000
2115000
2091000
2093000
2129000
2106000
2103000
2095000
2101000
2094000
2113000
2146000
2118000
2027000
2095000
2109000
2102000
2103000
1866000
2115000
2106000
2146000
2108000
2097000
2104000
2099000
2117000
2110000
2094000
2118000
2063000
2104000
2092000
2101000
2092000
2099000
2109000
2098000
2111000
2103000
2103000
2110000
2114000
2106000
1956000
2103000
2099000
2100000
2110000
2144000
2103000
2099000
2117000
2106000
2598000
2134000
2110000
2096000
2095000
2112000
2106000
2103000
2093000
2105000
2081000
2194000
2145000
2148000
2096000
2108000
2108000
2117000
2105000
2098000
2102000
2108000
2118000
2103000
2099000
2102000
2119000
2103000
596000
2097000
2104000
2096000
2092000
2110000
2144000
2118000
2099000
2103000
2159000
2106000
2093000
2113000
2097000
2112000
2099000
2095000
2094000
2102000
2107000
2108000
2115000
630000
2117000
2098000
2102000
2101000
2097000
2114000
2121000
2099000
2099000
2056000
2106000
2107000
2110000
2111000
1986000
2106000
2088000
2096000
2100000
2104000
2115000
2150000
2088000
2114000
2155000
2098000
2104000
2098000
2112000
2105000
2122000
3279000
2151000
2142000
2105000
2068000
2116000
2108000
2147000
2107000
731000
2103000
2099000
2170000
2098000
2103000
2116000
2101000
2033000
2173000
2108000
2117000
2105000
2112000
2094000
2214000
2047000
2117000
2109000
2107000
2102000
2096000
2104000
2117000
2112000
2106000
2116000
2103000
656000
2105000
2105000
2132000
2120000
2098000
2088000
2099000
2079000
2169000
2091000
2101000
2121000
2109000
2157000
2096000
2105000
2058000
591000
598000
2102000
2106000
2090000
2104000
2646000
4415000
2095000
2096000
2082000
2083000
2020000
2093000
2138000
2089000
2079000
2086000
2115000
2079000
2043000
2085000
2080000
590000
2169000
2084000
2089000
2090000
2078000
2120000
2093000
2060000
2084000
2082000
2098000
2148000
2082000
2083000
2093000
2079000
1696000
2115000
2077000
2093000
2073000
2077000
2122000
2088000
2071000
2076000
2028000
2124000
2090000
1997000
2037000
2054000
1735000
1489000
2050000
2075000
2042000
2056000
2057000
2042000
2079000
2080000
2128000
2039000
2019000
2048000
2043000
2042000
2039000
2054000
2042000
2060000
1997000
2073000
2096000
2080000
2085000
2078000
2042000
2085000
2072000
2049000
2083000
2100000
2072000
2077000
2087000
2086000
2080000
2085000
2077000
2039000
2077000
2079000
2073000
2077000
2078000
2124000
2205000
2010000
1994000
1996000
1992000
2045000
2003000
2004000
1996000
2004000
1929000
2015000
2004000
1954000
2018000
1999000
2003000
2013000
2075000
2585000
2087000
2085000
2128000
2138000
2080000
2078000
2076000
2077000
2089000
2081000
2067000
2076000
2021000
2172000
2077000
2088000
1950000
2087000
2079000
2083000
2095000
2076000
2077000
2079000
2084000
2088000
2095000
2035000
2070000
2078000
2151000
2072000
2090000
2102000
2084000
2077000
2095000
2083000
2082000
2084000
2090000
2152000
2067000
2072000
2076000
2071000
2078000
2115000
2070000
2067000
2078000
2097000
2130000
2071000
2071000
2080000
2069000
2089000
2080000
2048000
2079000
2079000
2057000
2059000
2139000
2087000
2072000
2079000
2069000
2167000
2078000
2055000
2072000
2090000
1956000
2076000
2081000
2087000
2071000
2080000
2114000
2079000
2076000
600000
2071000
1829000
2073000
2076000
2076000
2105000
2069000
2090000
2091000
2068000
2060000
2081000
2075000
2096000
2088000
2084000
1920000
2078000
2074000
2084000
2075000
2081000
2076000
2091000
2218000
2080000
2100000
2134000
2074000
2101000
2078000
1774000
2077000
2097000
602000
2116000
2037000
2089000
2076000
2080000
2144000
2076000
2169000
2094000
2078000
2081000
2054000
2082000
2077000
2093000
2073000
2071000
2125000
2090000
2069000
2076000
2103000
2075000
2090000
2073000
2070000
2111000
2074000
2106000
2087000
2086000
2039000
2083000
2064000
2127000
2037000
2092000
2077000
2122000
2043000
2050000
2038000
2061000
2075000
2078000
2130000
2072000
2090000
2498000
2098000
606000
595000
605000
2083000
2075000
2032000
629000
2004000
2010000
1730000
1970000
2007000
2036000
2005000
1973000
2012000
2017000
2087000
2020000
2013000
2012000
2015000
2010000
2007000
2033000
2017000
2016000
2024000
2129000
2119000
2158000
2097000
2090000
2099000
2111000
2087000
2104000
2085000
2090000
2089000
2105000
2168000
2102000
2093000
2094000
2114000
2080000
2097000
2093000
2092000
2117000
2091000
2129000
2086000
2102000
2106000
2086000
2107000
2091000
2085000
2106000
2097000
2130000
2146000
2087000
2098000
2092000
2169000
2083000
2087000
2086000
2090000
2113000
2545000
2102000
2089000
2098000
2090000
2102000
2088000
2080000
2104000
2094000
2100000
2000000
2093000
2145000
2093000
2093000
2050000
1889000
2107000
2093000
2089000
2095000
2096000
2111000
2140000
2096000
2120000
2105000
2100000
2103000
2111000
2095000
2089000
2092000
2093000
2105000
2122000
2093000
2090000
2102000
2099000
2117000
2089000
2102000
2110000
2101000
2101000
2094000
2093000
2093000
2102000
2092000
2082000
2106000
2092000
2087000
2086000
2112000
2075000
2088000
2089000
2120000
2100000
2111000
2049000
2087000
2102000
2091000
2095000
2111000
2086000
2095000
2108000
2092000
2099000
2079000
2094000
2092000
2128000
2097000
2086000
2089000
2093000
2101000
2018000
2099000
2085000
2105000
2090000
2340000
2088000
1700000
2178000
2062000
2098000
1663000
2060000
2067000
2065000
2114000
2089000
2023000
2071000
2032000
2068000
2022000
2054000
2052000
2087000
2046000
2060000
2054000
2037000
2073000
1989000
1989000
2071000
2030000
2019000
1969000
2052000
2054000
2058000
2069000
2103000
2062000
2049000
2049000
2055000
2057000
2058000
2048000
2018000
2087000
2107000
2097000
2159000
2091000
2086000
2093000
2107000
2170000
2090000
2072000
2130000
2089000
2097000
2073000
2042000
2090000
2099000
2095000
2082000
2097000
2097000
2092000
2095000
2061000
2089000
2117000
2103000
2093000
2083000
2142000
2109000
2106000
2095000
4112000
4596000
1871000
2084000
1845000
1991000
2021000
1995000
2002000
2000000
2000000
1995000
2001000
1976000
1996000
1998000
2004000
1993000
2005000
2048000
1996000
1994000
2085000
2071000
2141000
2082000
2073000
2077000
2089000
2090000
2082000
2075000
2072000
2087000
2079000
2040000
2097000
2124000
2077000
1718000
2084000
2087000
2072000
2104000
2102000
2096000
2074000
2144000
2080000
2033000
2117000
2077000
2083000
2091000
2081000
2079000
2072000
2104000
2043000
2077000
1606000
1842000
1665000
2064000
2047000
1507000
1724000
2070000
2036000
1791000
2094000
2015000
2080000
2066000
2100000
1579000
2077000
2182000
2015000
2081000
2062000
2102000
2033000
2076000
2057000
1947000
2041000
2069000
2042000
2083000
2117000
2101000
2164000
2112000
2109000
1894000
2100000
2065000
2092000
2096000
2098000
2093000
605000
2177000
2101000
2099000
2097000
2097000
2255000
2071000
2076000
1789000
1592000
1950000
2038000
552000
629000
1599000
1373000
1962000
2093000
2025000
2078000
1875000
2073000
2144000
2067000
2005000
1997000
2068000
2077000
2116000
2061000
2062000
2063000
2062000
2059000
2051000
2059000