1066000
2102000
2029000
2123000
2074000
1868000
1488000
2101000
2010000
1993000
2160000
2070000
2073000
2114000
1948000
1862000
1877000
1664000
2015000
2012000
2009000
2068000
2016000
2063000
2065000
2066000
1843000
2167000
2100000
2093000
2103000
616000
3172000
2134000
2149000
2111000
2097000
2137000
2097000
2074000
2111000
2123000
1882000
2099000
2188000
2097000
2103000
2129000
2108000
2113000
2096000
2103000
601000
2163000
2090000
2133000
2093000
2113000
2110000
2119000
2093000
2097000
2111000
2114000
2841000
2098000
2137000
2112000
589000
2095000
2133000
2119000
2100000
2090000
2098000
2096000
2096000
2097000
2134000
2094000
2105000
2100000
2118000
2115000
2071000
2118000
2113000
2171000
2132000
2066000
2074000
2102000
2099000
2094000
2108000
2066000
2076000
2115000
2095000
2108000
2105000
2102000
2114000
2177000
2111000
2028000
2014000
2012000
2051000
2033000
2019000
2036000
1995000
2018000
2136000
2019000
1980000
2020000
2016000
1989000
2038000
2032000
2028000
745000
2027000
2060000
603000
2026000
1988000
2076000
2045000
1998000
600000
2026000
2101000
2094000
2105000
2114000
2097000
2021000
2094000
2086000
2094000
2122000
603000
2101000
2101000
2167000
2100000
2114000
2098000
2106000
2110000
2088000
2111000
2059000
2102000
2106000
2156000
2116000
2119000
2075000
2103000
2153000
2135000
2097000
2120000
2089000
2109000
1468000
1644000
1742000
1821000
1728000
1891000
2038000
2048000
2058000
2041000
2064000
2020000
2075000
2045000
2140000
654000
2075000
2103000
2102000
2008000
2104000
2179000
2106000
2099000
2122000
2106000
2099000
2105000
2084000
2932000
2100000
1770000
2105000
2094000
2098000
2096000
2195000
2124000
1988000
2105000
2009000
2109000
2158000
2097000
2124000
2169000
2098000
2121000
2113000
2098000
2096000
2097000
2177000
2151000
2103000
2088000
2211000
2109000
2112000
2098000
2108000
2101000
2103000
2034000
2096000
2121000
2095000
2072000
2108000
2104000
2096000
2055000
2162000
2185000
2094000
2118000
2094000
2097000
2097000
2095000
2092000
2122000
2103000
2121000
2142000
2101000
2087000
2092000
2143000
2096000
2109000
2088000
2100000
622000
2100000
2098000
2056000
2095000
2027000
2083000
2090000
2105000
726000
2116000
2095000
2126000
2089000
589000
2099000
2125000
1673000
2131000
1328000
2068000
2083000
2085000
2013000
2077000
2063000
2115000
3491000
2032000
2086000
2024000
2092000
2035000
2105000
2058000
2088000
2047000
2055000
2028000
2048000
2113000
2045000
2047000
2058000
2033000
2130000
2039000
2031000
2062000
2059000
2040000
2079000
2065000
2080000
2058000
2091000
2099000
2101000
2083000
2099000
2089000
2079000
2213000
2072000
2113000
597000
2089000
2078000
2076000
2079000
2161000
2077000
2090000
2104000
2072000
2078000
2076000
2117000
2070000
2075000
2072000
589000
2098000
2075000
2077000
2078000
2077000
2033000
2089000
2111000
2072000
1942000
2073000
2071000
2089000
2146000
2069000
2078000
2100000
2088000
2164000
2069000
2090000
2074000
2053000
2095000
2134000
2073000
2076000
2080000
1666000
2143000
2166000
2085000
2085000
2076000
2098000
2133000
585000
2070000
2088000
2075000
2199000
2074000
2077000
2091000
2069000
2097000
2111000
2040000
2076000
2080000
2076000
2130000
2108000
2074000
2082000
2108000
2081000
2113000
2071000
2102000
2079000
2087000
2078000
2076000
2072000
2121000
2076000
2083000
2109000
2118000
2106000
2095000
2108000
2078000
2081000
576000
2077000
2077000
2099000
2078000
2092000
2085000
2072000
2089000
2160000
2157000
2101000
2091000
537000
2076000
2055000
2076000
1994000
2008000
1988000
2110000
1990000
2017000
1986000
1994000
2013000
2035000
2061000
2017000
2000000
2018000
2156000
1969000
1991000
2077000
2096000
2448000
2138000
2081000
2080000
383000
2104000
2115000
2078000
2092000
2095000
2091000
2219000
655000
2108000
2096000
605000
2092000
2093000
2080000
2099000
2182000
2104000
2157000
2092000
2096000
2097000
2081000
2098000
2080000
2071000
2120000
2092000
2108000
2124000
2079000
2099000
2077000
2102000
2094000
2101000
2089000
2073000
2095000
2096000
2082000
2055000
2103000
2061000
2091000
2097000
2232000
2093000
2103000
2077000
2106000
2078000
2153000
2099000
2072000
2091000
2094000
2191000
2079000
2133000
2082000
2090000
2092000
2154000
2090000
2104000
2122000
2076000
2063000
2104000
3020000
2015000
2124000
2071000
2140000
2096000
2076000
2064000
2091000
2096000
2110000
2076000
2102000
2076000
1989000
2123000
2090000
2083000
2091000
2173000
2100000
2109000
2094000
2113000
2066000
2078000
2099000
2065000
2103000
2095000
2112000
2113000
2089000
2092000
2107000
2074000
554000
2129000
2050000
2110000
2082000
2114000
2102000
2073000
2125000
2081000
2103000
2058000
2088000
2080000
2097000
2087000
2213000
2099000
2082000
2055000
2044000
2080000
2132000
2078000
2091000
2090000
2090000
2208000
2099000
2090000
2102000
2075000
2114000
2211000
2097000
2077000
2119000
2074000
2059000
2093000
2096000
2089000
2078000
608000
2079000
1752000
2053000
2091000
2078000
2160000
2094000
2090000
2053000
2095000
2904000
2105000
2115000
2079000
2085000
2087000
2142000
872000
2010000
2042000
2039000
1906000
2019000
2039000
2042000
2015000
1995000
2041000
2033000
2009000
2008000
2033000
2022000
2007000
634000
1943000
2063000
2030000
2028000
2106000
2168000
2083000
619000
2162000
2116000
2109000
2071000
2091000
1818000
2115000
2086000
2126000
2098000
2092000
2192000
1981000
2032000
2001000
2023000
2112000
2138000
2095000
628000
2160000
2099000
2177000
1933000
2099000
2109000
2099000
2093000
2124000
2093000
2120000
2121000
2111000
2156000
2109000
2115000
2108000
2115000
2089000
2114000
4152000
2112000
2109000
2120000
1795000
2118000
2069000
2145000
2096000
1791000
2110000
609000
594000
1926000
2059000
2037000
2083000
2107000
1819000
1516000
2146000
2045000
2053000
2026000
2076000
2063000
2047000
2125000
2082000
2058000
2050000
2078000
2050000
2109000
2082000
2025000
2070000
2087000
2098000
2076000
2176000
2110000
2236000
2090000
2127000
2133000
2144000
2211000
2092000
2090000
2099000
2135000
2086000
2127000
2089000
2067000
2144000
2109000
2007000
2122000
2112000
2096000
2148000
2090000
2114000
2134000
2094000
2015000
2116000
2110000
2122000
2343000
2098000
642000
2110000
2119000
616000
2114000
2085000
2119000
2125000
2111000
1792000
2108000
2124000
2173000
2129000
2119000
2109000
2058000
2093000
2179000
2079000
2091000
2079000
2305000
2111000
1879000
2098000
2221000
2057000
2089000
2252000
1547000
2089000
2142000
2093000
2063000
2148000
2081000
2091000
2121000
2078000
2058000
2079000
2089000
2058000
2086000
2060000
2058000
2043000
2071000
2108000
2208000
2122000
2120000
2108000
596000
2166000
2097000
2109000
1629000
2092000
2221000
2107000
2079000
2198000
2092000
2108000
2129000
2087000
2075000
2117000
2091000
2098000
2149000
2096000
2111000
584000
2081000
1792000
2100000
2111000
2111000
2157000
2045000
2112000
2159000
2101000
2089000
2099000
2116000
2091000
2079000
2114000
2090000
1610000
2119000
2026000
2042000
2035000
2032000
2152000
2007000
2027000
1731000
2010000
1995000
2059000
1967000
1996000
2033000
1965000
2074000
1993000
2060000
2125000
2063000
2055000
2119000
2076000
2098000
2019000
605000
2211000
2079000
2111000
2078000
2137000
596000
2077000
2104000
608000
2183000
2097000
764000
2058000
2180000
2043000
2096000
2075000
2105000
2093000
2099000
2095000
2071000
2096000
2093000
2077000
2215000
2041000
2059000
690000
1938000
1786000
2225000
1967000
2062000
2077000
1613000
1477000
1956000
1666000
2098000
1646000
1883000
2109000
2095000
2033000
2017000
2039000
528000
2019000
2081000
2087000
2088000
2055000
575000
2163000
2074000
1991000
2042000
2067000
2074000
2086000
2125000
2090000
2092000
2083000
2105000
2108000
2098000
2145000
2081000
2076000
2111000
2104000
2002000
2069000
2113000
2073000
2078000
2111000
2060000
1916000
2090000
2044000
2147000
2078000
2116000
2113000
2114000
2107000
2069000
2111000
2081000
2068000
2158000
2119000
2092000
2087000
2060000
2115000
2114000
2106000
2093000
2098000
2094000
2123000
2070000
2093000
2095000
2095000
2131000
2013000
2114000
2094000
2034000