1913000
2108000
2188000
2137000
2133000
2111000
2104000
2340000
2003000
1759000
1980000
1913000
1945000
1740000
1935000
1708000
2103000
2130000
2108000
2127000
2209000
2131000
1976000
2055000
766000
2194000
2167000
2086000
2107000
2146000
2146000
2189000
2194000
2183000
1970000
2194000
2177000
2129000
2089000
2091000
2108000
2130000
2204000
2172000
2159000
1212000
4532000
2071000
2130000
2149000
2098000
2242000
2185000
2167000
2150000
2149000
2137000
2169000
2133000
2151000
2088000
2205000
2078000
2146000
2167000
2144000
2224000
2054000
2119000
2072000
2126000
2132000
701000
675000
2160000
2208000
2182000
2160000
2146000
2137000
2127000
2091000
2155000
2036000
2030000
2057000
2098000
2184000
2132000
2035000
2253000
2149000
2151000
2147000
2148000
2191000
2158000
2156000
2122000
701000
2180000
2110000
2159000
2119000
2220000
2191000
2195000
2026000
2114000
2022000
2157000
2027000
2108000
2101000
2021000
2176000
2130000
1940000
1801000
2089000
2106000
2121000
2025000
2039000
2037000
2113000
2094000
7929000
1597000
1629000
2075000
2130000
2093000
2102000
2170000
2132000
2088000
2023000
2178000
2138000
2156000
2167000
2146000
2144000
2147000
2193000
2056000
2167000
2188000
2156000
2196000
2215000
2141000
2099000
2170000
2164000
2200000
2206000
2195000
2162000
2159000
2104000
2166000
2191000
2070000
2096000
2239000
2202000
2128000
2160000
2185000
2114000
2165000
2180000
2205000
2183000
2181000
2200000
1868000
2172000
2168000
2161000
2290000
2202000
2115000
2189000
2161000
2143000
2101000
622000
1957000
2157000
2208000
2197000
2173000
2148000
2184000
2176000
2257000
2180000
2104000
2088000
2181000
2152000
2196000
2107000
2201000
2163000
2101000
2160000
2219000
2110000
2187000
1685000
1877000
2100000
1856000
1778000
2073000
2161000
2084000
2102000
2208000
2147000
2146000
2096000
2127000
2050000
1600000
1795000
2128000
2181000
2138000
2121000
2124000
2076000
2101000
2072000
2170000
2057000
2115000
2158000
2133000
2301000
2166000
706000
2143000
2154000
2073000
2201000
2197000
2142000
2183000
2402000
2198000
2131000
2180000
2185000
2151000
2181000
2200000
2164000
697000
2166000
2145000
2096000
2091000
673000
2170000
2201000
2119000
2274000
2177000
2149000
2112000
2152000
2104000
2454000
2134000
2070000
2225000
2101000
2194000
2225000
638000
2199000
2123000
2176000
2207000
2099000
2173000
2191000
672000
2229000
3247000
2150000
2109000
2203000
2168000
2240000
2197000
2162000
2161000
2173000
2268000
2219000
2155000
2183000
2102000
2195000
2100000
2196000
2102000
2102000
2161000
2180000
2111000
2160000
2184000
2186000
2162000
2174000
2185000
2197000
2183000
2101000
2101000
2202000
2127000
2154000
2101000
2105000
2164000
2099000
2184000
2177000
2161000
2175000
676000
2190000
2124000
2158000
2179000
2096000
2243000
2180000
2176000
2201000
2193000
2330000
2101000
2153000
2134000
2180000
2100000
2107000
2221000
2105000
1979000
2157000
2108000
2104000
2225000
2144000
2177000
2225000
2194000
2155000
2179000
2205000
1946000
2196000
2163000
2175000
2229000
2198000
2190000
2164000
2238000
2159000
2245000
2213000
2206000
2230000
674000
2103000
2186000
2214000
2109000
2168000
2048000
2117000
2188000
2160000
2203000
2175000
2211000
2187000
2148000
2103000
2132000
687000
2185000
2127000
2213000
2171000
2272000
2172000
2146000
2142000
2170000
2156000
2221000
2183000
2200000
2186000
2198000
2277000
2188000
2186000
2217000
2192000
2184000
2223000
2231000
2166000
2163000
2145000
2165000
2185000
2111000
2190000
2192000
2177000
2153000
2174000
2180000
2197000
2130000
1930000
2028000
2099000
1858000
2140000
2105000
2115000
672000
2081000
2048000
2113000
2113000
2064000
2026000
2033000
1999000
2151000
2076000
2022000
2050000
2026000
2195000
2238000
2162000
3259000
2158000
2177000
2103000
2284000
2114000
2180000
2177000
2163000
2200000
2116000
2107000
2119000
2192000
2197000
1735000
2186000
2126000
2166000
2141000
2179000
2107000
2144000
2163000
2125000
2107000
2180000
601000
2161000
2226000
2102000
2162000
2106000
2138000
2160000
2217000
2124000
2228000
2181000
2106000
2164000
2159000
2167000
2247000
2141000
2177000
2218000
2211000
2072000
2199000
2182000
2195000
2121000
2112000
2217000
622000
2157000
2194000
2164000
2064000
749000
2229000
2152000
2193000
2207000
2152000
2187000
2166000
2181000
2152000
2157000
2106000
2196000
2164000
2183000
1834000
2103000
2122000
2160000
2105000
2102000
2113000
2073000
2206000
2194000
2231000
2219000
2225000
2145000
2206000
2164000
2270000
2197000
618000
1901000
2047000
2221000
2183000
2149000
2164000
2181000
2256000
2182000
2124000
2215000
2178000
2118000
2185000
2074000
2105000
2225000
2173000
2244000
2233000
2162000
2123000
2218000
2158000
2165000
2151000
2538000
2183000
2126000
2148000
2166000
2105000
2114000
2192000
2188000
2172000
2085000
2142000
2102000
2109000
2209000
2149000
2168000
2168000
2106000
2102000
2097000
2103000
2149000
2190000
2103000
2104000
2129000
2134000
2110000
2104000
2237000
2179000
2101000
2028000
2172000
2136000
1961000
2203000
1621000
2076000
2107000
2100000
2194000
2166000
2132000
2292000
2097000
2173000
2192000
1787000
2178000
2197000
2066000
2187000
2125000
2162000
1980000
2044000
2082000
2060000
2065000
2036000
2133000
2117000
2155000
2044000
2083000
2122000
2050000
1958000
1540000
2058000
2121000
2174000
2141000
2055000
2188000
2276000
2113000
2132000
2163000
2177000
2075000
2086000
2146000
2140000
2123000
2118000
2081000
2114000
2057000
2246000
2208000
2114000
2088000
2261000
2191000
2200000
2125000
2121000
2123000
2185000
2112000
2248000
2125000
2134000
2281000
2176000
2172000
2178000
2031000
2201000
2064000
2212000
2199000
2197000
2193000
2182000
2192000
2124000
2180000
2202000
2052000
2181000
2122000
2181000
2170000
2186000
2115000
2143000
2200000
2043000
2279000
2119000
2204000
2141000
2212000
2210000
2176000
2114000
2182000
2125000
2199000
2191000
2171000
2138000
2117000
2134000
2194000
2205000
2201000
2342000
2113000
2178000
2114000
2177000
2112000
2193000
2216000
2207000
2114000
2122000
2175000
2220000
2124000
2157000
2172000
2220000
2207000
2115000
2119000
2235000
2132000
2173000
2107000
2200000
2111000
2121000
2118000
2212000
1767000
2225000
2115000
2117000
2124000
680000
2267000
2188000
2120000
2125000
2170000
2215000
2115000
2389000
2194000
2311000
2196000
2087000
2192000
2177000
2158000
2218000
2173000
2211000
2183000
2172000
2081000
1741000
2174000
1938000
2062000
1634000
1520000
2592000
2112000
2176000
2144000
2058000
2086000
2147000
2166000
2083000
2138000
2107000
2147000
2221000
2153000
1771000
2276000
2205000
2127000
2160000
2129000
2046000
2128000
2217000
2117000
2114000
2208000
2147000
2163000
2164000
2174000
2125000
2116000
2123000
2179000
2119000
2257000
2156000
2197000
2284000
2177000
2201000
2180000
2231000
2181000
2186000
2184000
2206000
2205000
2202000
2172000
2182000
2192000
2217000
2203000
2221000
2192000
2164000
2199000
2139000
2129000
2195000
2125000
2125000
2126000
2029000
2163000
2256000
2174000
2120000
2161000
2224000
2165000
2203000
2194000
2183000
2122000
2191000
2151000
2125000
2140000
2082000
2140000
2120000
2191000
2044000
2038000
2077000
2031000
2132000
2044000
2045000
2122000
2149000
2118000
2084000
2106000
2207000
2185000
2211000
2219000
2148000
2253000
2182000
2197000
2190000
2169000
2198000
2200000
2149000
2174000
2202000
2227000
2212000
2188000
2182000
2123000
2274000
2051000
2124000
2227000
2011000
2032000
1720000
2115000
2185000
1844000
1559000
2235000
1880000
2320000
1921000
1860000
1728000
1610000
2002000
2132000
2133000
2065000
2090000
2063000
2025000
2051000
2033000
2099000
2069000
2062000
2082000
2057000
2061000
1841000
2022000
1824000
2009000
2072000
2096000
2082000
2091000
2081000
2098000
2104000
2090000
3018000
2101000
553000
597000
2090000
2072000
2098000
2101000
2096000
1390000
2108000
2081000
2134000
2093000
2097000
2092000
2445000
2093000
2096000
2162000
2104000
2102000
2090000
2172000
2109000
2110000
2050000
2090000
2077000
2105000
2085000
2093000
2095000
2085000
2125000
2087000
2089000
2112000
2059000
2083000
2083000
2104000
2056000