2144000
1817000
1723000
1986000
2085000
1725000
1677000
2363000
2034000
2034000
2072000
2053000
2032000
2048000
2031000
2092000
2080000
484000
2064000
2115000
2053000
2057000
2027000
2091000
2070000
2056000
2053000
624000
2145000
2135000
2060000
2138000
2047000
2100000
2049000
1747000
2012000
2096000
2093000
2124000
2123000
2136000
2132000
2122000
2091000
2083000
2115000
2113000
2053000
2114000
2087000
2128000
2121000
2084000
2100000
2118000
2121000
2131000
2128000
2080000
2114000
2072000
2117000
2090000
2127000
2138000
2118000
2125000
2114000
2113000
2098000
2096000
2112000
2040000
2121000
2115000
2105000
1681000
2108000
2015000
2038000
2191000
2116000
1853000
2133000
2142000
2125000
2120000
2122000
2099000
2138000
2088000
2111000
2127000
2115000
2120000
2118000
2118000
2091000
2128000
2123000
2133000
2055000
2118000
2117000
2071000
2148000
2128000
2171000
2018000
2094000
2041000
2020000
2003000
2015000
2038000
2047000
2080000
1973000
2122000
1666000
1735000
2015000
2056000
2022000
2016000
2007000
2041000
1991000
2014000
2050000
2040000
2015000
2038000
2041000
2021000
2083000
1964000
2019000
2091000
2093000
2119000
2120000
2121000
2131000
2110000
2109000
2149000
2122000
2118000
598000
2098000
2123000
2095000
2142000
2133000
2098000
2111000
2119000
2117000
2041000
2012000
2099000
1948000
1513000
601000
2064000
2049000
2093000
2085000
2101000
2091000
1678000
2054000
2090000
2102000
2063000
2060000
2063000
2055000
2083000
2077000
2077000
2090000
2120000
2097000
2087000
2130000
2125000
2135000
2122000
2117000
2127000
2145000
2118000
2121000
2141000
2151000
2100000
2125000
2127000
2099000
2118000
2136000
2084000
2120000
2100000
2097000
2067000
2022000
2124000
2119000
2165000
596000
2091000
2114000
2127000
2088000
2124000
2112000
2135000
2148000
2118000
2113000
2118000
2132000
2122000
2092000
2092000
2123000
2132000
2117000
2174000
2099000
2146000
2117000
591000
2121000
2119000
2121000
2122000
2126000
2081000
2113000
2091000
2094000
2049000
2159000
2172000
2120000
2121000
2125000
2127000
2117000
2140000
2112000
2126000
2135000
2082000
2132000
2125000
2115000
2125000
2123000
2113000
2113000
2101000
2121000
2096000
2153000
2125000
2132000
2094000
2124000
2132000
2120000
2129000
2135000
2149000
580000
2194000
2100000
2103000
2119000
2087000
2100000
2134000
2010000
2144000
2115000
2122000
2092000
2105000
2136000
2122000
2141000
2116000
2141000
2120000
2120000
2135000
2122000
2141000
2117000
2097000
2077000
2117000
2109000
2120000
2191000
2101000
2095000
2124000
2127000
2116000
2099000
2140000
2145000
2138000
2134000
2112000
2099000
2114000
2095000
2135000
2088000
2146000
2119000
2088000
2096000
2093000
2140000
2123000
2122000
2051000
2117000
2115000
2134000
2114000
2102000
2117000
2119000
2100000
2074000
2116000
2127000
2113000
2094000
2094000
2135000
2121000
2123000
2123000
2100000
2135000
2117000
2037000
2128000
2151000
2124000
2127000
2099000
2133000
2124000
2143000
2124000
2118000
2114000
2120000
2139000
1735000
2143000
2095000
2078000
2098000
2118000
2169000
2130000
2124000
1975000
2199000
2104000
2099000
2087000
2119000
2123000
2075000
2121000
2107000
2111000
1300000
4470000
2033000
2143000
2105000
2100000
2106000
2091000
2097000
2109000
2103000
2117000
2026000
2051000
2030000
2082000
2094000
2120000
2073000
2096000
2087000
2070000
2112000
2094000
2100000
2105000
2093000
1841000
2099000
2104000
2017000
2113000
2083000
2102000
2125000
2092000
2097000
2017000
2091000
1906000
2113000
2093000
2097000
2094000
2097000
2112000
2100000
2101000
2074000
2108000
2079000
2021000
2086000
2035000
1997000
1993000
2015000
2042000
2031000
2031000
2034000
2011000
2055000
2016000
1928000
2012000
1987000
1983000
1899000
1992000
2014000
2115000
2110000
2091000
2088000
2097000
2095000
1788000
2066000
2112000
2112000
2092000
2132000
2109000
2218000
2094000
2115000
2097000
2112000
2106000
2111000
2137000
2062000
2112000
2119000
2088000
1786000
2044000
2067000
2112000
2096000
2097000
2176000
2094000
2121000
2051000
2097000
2110000
2083000
2111000
1978000
2145000
547000
2095000
2070000
2120000
2069000
2085000
2100000
2090000
2128000
2091000
2112000
2094000
2029000
2130000
2093000
2089000
2090000
2089000
2047000
2119000
2099000
2126000
2133000
2081000
2095000
2093000
2196000
2075000
2028000
2130000
2134000
2068000
2064000
2121000
1754000
2097000
2114000
2101000
2066000
2100000
2044000
2126000
2073000
607000
2130000
2090000
2045000
2093000
22009000
1973000
2114000
2066000
2132000
2120000
2122000
2116000
2065000
2097000
2121000
2036000
2119000
2160000
2099000
2128000
2066000
2095000
2159000
2034000
2127000
2122000
2107000
2035000
2108000
2094000
2097000
2095000
2193000
2128000
559000
1832000
1853000
2089000
2009000
2066000
2065000
2047000
2141000
2098000
2058000
2029000
2100000
2054000
2029000
2070000
2033000
2079000
2078000
1981000
2084000
2054000
2084000
2105000
2059000
2129000
2074000
2105000
2092000
2121000
2083000
2116000
2046000
2048000
2095000
2079000
1999000
2073000
2090000
2510000
622000
2098000
2035000
2240000
2028000
2101000
2077000
2103000
2047000
2092000
2053000
2092000
2093000
2122000
2162000
957000
619000
2055000
2053000
2010000
2034000
2051000
2037000
2100000
2052000
2006000
2448000
2004000
2011000
2030000
2028000
2037000
2052000
2028000
2049000
2061000
2106000
2133000
2102000
2095000
2132000
2134000
2050000
2129000
2170000
2023000
4440000
2008000
2036000
2112000
2096000
2107000
2138000
2070000
2131000
2089000
2075000
2098000
2091000
2114000
2124000
2101000
2085000
2102000
2034000
2101000
2097000
2051000
2129000
2101000
2121000
2089000
2090000
2189000
2134000
2106000
2101000
2113000
2090000
2110000
2096000
2104000
2006000
2096000
2043000
2172000
2095000
2122000
2092000
2094000
2116000
2119000
2112000
2124000
2100000
2106000
2090000
2066000
2112000
2123000
2116000
599000
2052000
2069000
2097000
2104000
2117000
2090000
2110000
2107000
2112000
2116000
2113000
480000
2099000
2094000
2084000
2117000
2074000
2109000
2089000
2094000
2089000
2098000
2151000
2125000
598000
2100000
2025000
2092000
2125000
2132000
2108000
2126000
2092000
2118000
2092000
2093000
2113000
2070000
2127000
2113000
2086000
2114000
2082000
2113000
2111000
2088000
2119000
2110000
2027000
2098000
2059000
2123000
2118000
2093000
2094000
2113000
2117000
2048000
2115000
2076000
2112000
2101000
2113000
3361000
2093000
622000
2121000
2090000
2102000
2093000
2110000
2100000
1951000
2084000
1795000
2084000
840000
2046000
2103000
1864000
1491000
2124000
2090000
2063000
2080000
2111000
2099000
2017000
2059000
2091000
2043000
2029000
2154000
2027000
2055000
2068000
2057000
2073000
2085000
2041000
2089000
2083000
2110000
2078000
2097000
2105000
2025000
2144000
2107000
2072000
1825000
2010000
2148000
2109000
2127000
2003000
2107000
2115000
1969000
2088000
2158000
2129000
2095000
2113000
2111000
2117000
2109000
2065000
2074000
2078000
2090000
2131000
2070000
2079000
2044000
2069000
2117000
2117000
2123000
2083000
2099000
2089000
2092000
2072000
2099000
2113000
2087000
1785000
2072000
1896000
2020000
2032000
2017000
607000
2052000
1938000
2016000
2018000
1995000
2083000
1906000
1765000
2008000
2025000
1996000
2147000
1934000
2104000
2025000
2121000
2108000
2090000
2111000
2016000
2109000
2110000
2085000
2112000
2122000
2023000
2158000
2035000
2096000
2094000
2092000
2099000
2116000
2130000
2116000
2104000
2094000
2077000
2115000
2089000
2112000
2011000
2034000
2037000
2110000
2106000
2109000
2155000
2092000
2074000
2084000
2047000
2101000
2123000
2105000
2130000
2118000
2090000
2086000
2122000
2093000
2097000
2112000
2853000
2076000
2114000
2054000
2091000
2110000
2106000
2110000
2155000
2074000
2091000
2130000
2101000
2100000
3394000
2167000
2085000
2091000
2091000
2071000
2064000
638000
607000
1475000
2047000
2067000
2123000
2110000
2099000
2097000
620000
2151000
2110000
2116000
2093000
2124000
2091000
2110000
2109000
2093000
2123000
2111000
2119000
2117000
2091000
2098000
2114000
2076000
2115000
2118000
2108000
2113000
2097000
2120000
2110000
2052000
2119000
2110000
2091000
2149000
2035000