568000
511000
479000
554000
493000
492000
468000
464000
470000
464000
546000
554000
502000
498000
472000
479000
467000
469000
501000
499000
472000
477000
466000
472000
463000
463000
479000
473000
512000
489000
481000
461000
467000
478000
477000
470000
470000
466000
461000
493000
473000
465000
481000
473000
468000
467000
473000
456000
454000
485000
485000
494000
460000
457000
456000
456000
481000
483000
476000
488000
485000
476000
507000
484000
488000
475000
470000
475000
464000
460000
457000
460000
461000
505000
485000
501000
468000
468000
468000
577000
516000
492000
496000
674000
597000
564000
559000
583000
538000
523000
552000
576000
531000
553000
543000
550000
558000
557000
560000
554000
550000
554000
534000
558000
556000
531000
552000
547000
558000
552000
532000
518000
526000
536000
528000
541000
507000
511000
502000
533000
517000
541000
508000
548000
524000
535000
533000
521000
555000
507000
511000
503000
544000
529000
513000
550000
509000
543000
523000
527000
517000
538000
530000
560000
545000
528000
531000
534000
527000
533000
519000
554000
548000
535000
514000
519000
541000
494000
508000
508000
513000
498000
498000
509000
492000
488000
494000
478000
469000
477000
461000
466000
463000
467000
483000
461000
469000
463000
461000
505000
490000
473000
464000
457000
464000
497000
479000
477000
483000
468000
460000
465000
465000
468000
470000
477000
475000
464000
461000
471000
472000
466000
461000
480000
519000
525000
474000
482000
464000
477000
521000
490000
463000
484000
481000
479000
486000
464000
545000
495000
470000
478000
490000
470000
463000
526000
467000
464000
484000
491000
466000
462000
473000
481000
467000
469000
459000
509000
476000
483000
498000
473000
462000
459000
479000
483000
473000
521000
496000
466000
462000
504000
484000
476000
473000
470000
519000
473000
475000
481000
479000
509000
479000
466000
460000
476000
458000
463000
455000
459000
478000
474000
478000
473000
474000
467000
478000
496000
479000
480000
480000
468000
492000
493000
553000
571000
561000
563000
551000
549000
545000
550000
595000
565000
581000
533000
553000
557000
578000
558000
508000
549000
500000
521000
542000
526000
524000
509000
521000
507000
509000
681000
561000
561000
525000
585000
561000
552000
534000
559000
611000
934000
565000
525000
515000
588000
525000
531000
517000
516000
511000
565000
531000
514000
487000
526000
520000
497000
507000
526000
576000
501000
512000
526000
500000
508000
519000
532000
503000
533000
509000
507000
511000
500000
496000
500000
553000
506000
521000
507000
502000
489000
492000
496000
508000
498000
505000
512000
495000
486000
516000
508000
520000
494000
524000
506000
515000
491000
492000
488000
489000
513000
500000
507000
507000
498000
502000
496000
492000
489000
491000
495000
494000
505000
499000
496000
490000
490000
491000
488000
514000
505000
514000
501000
517000
509000
503000
496000
470000
506000
478000
464000
473000
462000
470000
486000
466000
470000
509000
487000
480000
471000
481000
489000
476000
461000
467000
480000
459000
488000
518000
497000
510000
492000
469000
482000
488000
489000
477000
490000
473000
492000
503000
477000
490000
488000
476000
470000
466000
485000
479000
472000
467000
477000
459000
467000
462000
454000
454000
471000
466000
477000
483000
466000
481000
462000
455000
464000
470000
466000
461000
494000
482000
474000
466000
480000
476000
497000
471000
504000
507000
473000
465000
538000
482000
477000
581000
504000
470000
480000
481000
479000
478000
464000
496000
477000
474000
482000
499000
482000
482000
472000
464000
491000
471000
612000
514000
486000
471000
488000
468000
485000
540000
474000
472000
495000
477000
458000
476000
486000
468000
478000
460000
456000
525000
480000
492000
471000
472000
476000
471000
461000
474000
472000
469000
466000
652000
666000
614000
607000
551000
527000
513000
503000
513000
531000
528000
571000
535000
523000
586000
521000
503000
540000
517000
503000
518000
509000
520000
495000
506000
509000
489000
489000
498000
510000
497000
503000
511000
482000
520000
498000
495000
513000
577000
515000
491000
505000
505000
534000
501000
514000
507000
527000
498000
501000
503000
490000
494000
473000
492000
497000
499000
500000
488000
515000
514000
503000
510000
498000
517000
493000
494000
500000
483000
501000
490000
503000
472000
473000
493000
469000
475000
479000
481000
469000
466000
469000
488000
482000
465000
487000
488000
479000
481000
472000
481000
487000
451000
487000
478000
468000
465000
504000
474000
462000
482000
464000
472000
472000
463000
470000
545000
503000
502000
467000
457000
468000
473000
516000
494000
483000
526000
550000
482000
512000
469000
467000
477000
483000
471000
466000
512000
491000
473000
455000
501000
489000
486000
490000
493000
507000
481000
476000
466000
475000
461000
465000
478000
470000
487000
484000
466000
471000
493000
492000
493000
475000
490000
474000
469000
465000
496000
489000
496000
483000
485000
509000
468000
467000
462000
474000
474000
488000
486000
472000
506000
481000
508000
489000
493000
493000
489000
469000
490000
482000
478000
483000
480000
490000
480000
482000
488000
497000
531000
496000
484000
480000
484000
475000
483000
483000
477000
480000
472000
476000
478000
487000
478000
477000
481000
501000
488000
464000
473000
474000
478000
482000
482000
489000
483000
518000
475000
472000
476000
478000
498000
519000
524000
502000
636000
625000
616000
636000
581000
603000
603000
547000
560000
547000
538000
534000
578000
577000
542000
537000
541000
566000
518000
505000
494000
496000
522000
522000
519000
516000
507000
514000
516000
508000
495000
557000
507000
496000
513000
513000
503000
520000
536000
510000
504000
507000
508000
514000
498000
492000
497000
503000
509000
495000
495000
492000
499000
497000
492000
493000
484000
519000
499000
500000
499000
517000
521000
565000
502000
490000
490000
517000
497000
491000
502000
499000
504000
526000
509000
512000
498000
493000
488000
519000
488000
512000
557000
502000
506000
633000
522000
508000
497000
510000
506000
502000
524000
497000
548000
518000
488000
504000
504000
511000
522000
497000
507000
586000
514000
495000
501000
526000
506000
511000
515000
501000
512000
504000
506000
519000
531000
533000
515000
506000
518000
503000
497000
502000
503000
516000
513000
507000
506000
527000
517000
503000
509000
516000
667000
590000
522000
510000
511000
499000
518000
503000
492000
486000
464000
491000
488000
489000
473000
467000
486000
479000
465000
466000
477000
473000
522000
470000
474000
471000
476000
509000
493000
470000
471000
481000
471000
505000
474000
488000
508000
476000
474000
497000
476000
476000
539000
531000
517000
482000
483000
502000
488000
468000
465000
486000
487000
485000
484000
475000
480000
487000
478000
505000
480000
507000
474000
471000
462000
459000
484000
483000
475000
478000
477000
505000
486000
461000
457000
494000
465000
457000
472000
474000
465000
462000
476000
487000
483000
471000
521000
502000
463000
484000
470000
685000
678000
618000
576000
581000
532000
550000
533000
510000
505000
512000
505000
499000
503000
507000