1875800000
1875800000
1875794000
1875796000
1875832000
1875853000
1875783000
1875820000
1875810000
1875797000
1875834000
1875826000
1875795000
1875781000
1875796000
1874581000
1874576000
1874606000
1874621000
1874602000
1874609000
1874615000
1874598000
1874612000
1874620000
1874612000
1874622000
1874639000
1874641000
1874715000
1874742000
1874748000
1874764000
1874783000
1874783000
1874793000
1874811000
1874809000
1874837000
1874808000
1874772000
1874734000
1874749000
1874721000
1874702000
1874663000
1874702000
1874660000
1874930000
1874997000
1875022000
1875026000
1875035000
1875046000
1875020000
1875050000
1875043000
1875007000
1875049000
1875038000
1874993000
1875004000
1874973000
1874935000
1874985000
1874994000
1874989000
1876271000
1876443000
1876538000
1876662000
1876712000
1876730000
1876817000
1876890000
1876947000
1877051000
1877069000
1877121000
1877243000
1877285000
1877282000
1877397000
1877468000
1877438000
1877561000
1877660000
1877680000
1877682000
1877644000
1877633000
1877675000
1877706000
1877715000
1877756000
1877736000
1877727000
1877858000
1877885000
1877893000
1878139000
1878186000
1878136000
1878212000
1878251000
1878264000
1878347000
1878391000
1878437000
1878584000
1879456000
1879522000
1879594000
1879627000
1879645000
1879720000
1879712000
1879700000
1879741000
1879813000
1879845000
1879902000
1879935000
1879946000
1879992000
1880088000
1880109000
1880161000
1880181000
1880189000
1880261000
1880282000
1880310000
1880365000
1880409000
1880439000
1881218000
1881307000
1881467000
1881569000
1881607000
1881646000
1881744000
1881801000
1881864000
1881937000
1881988000
1882029000
1882100000
1882142000
1882171000
1882239000
1882272000
1882289000
1882341000
1882379000
1882383000
1882506000
1882693000
1882680000
1882716000
1882708000
1882656000
1883623000
1883654000
1883666000
1883711000
1883731000
1883737000
1883772000
1883782000
1883768000
1883760000
1883749000
1883699000
1883740000
1883756000
1883745000
1883775000
1883788000
1883715000
1883763000
1883782000
1883770000
1883800000
1883820000
1883815000
1883837000
1883848000
1883801000
1883825000
1883816000
1883814000
1883853000
1883874000
1883831000
1883887000
1883907000
1883906000
1883943000
1883962000
1883955000
1883991000
1884010000
1884012000
1884042000
1884073000
1884063000
1884153000
1884152000
1884129000
1884248000
1884247000
1884215000
1884227000
1884242000
1884223000
1884242000
1884267000
1884248000
1884261000
1884280000
1884267000
1884284000
1884311000
1884300000
1884309000
1884334000
1884323000
1884350000
1884347000
1884298000
1884321000
1884327000
1884308000
1884326000
1884337000
1884333000
1884367000
1884373000
1884377000
1884414000
1884424000
1884399000
1884435000
1884446000
1884454000
1884450000
1884466000
1884466000
1884464000
1884450000
1884434000
1884446000
1884464000
1884437000
1884436000
1884451000
1884431000
1884442000
1884415000
1884396000
1884438000
1884424000
1884405000
1884455000
1884457000
1884447000
1884483000
1884478000
1884472000
1884507000
1884456000
1884435000
1884471000
1884465000
1884459000
1884475000
1884499000
1884480000
1884515000
1884541000
1884537000
1884569000
1884576000
1884580000
1884625000
1884628000
1884614000
1884656000
1884625000
1884604000
1884629000
1884642000
1884624000
1884655000
1884661000
1884654000
1884684000
1884685000
1884680000
1884718000
1884737000
1884749000
1884788000
1884802000
1884813000
1884839000
1884863000
1884847000
1884885000
1884905000
1884902000
1884916000
1884941000
1884943000
1884982000
1884999000
1884983000
1885009000
1884991000
1884982000
1885030000
1885037000
1885033000
1885079000
1885092000
1885092000
1885093000
1885082000
1885056000
1885093000
1885092000
1885085000
1885115000
1885106000
1885083000
1885102000
1885111000
1885081000
1885096000
1885128000
1885125000
1885128000
1885132000
1885086000
1885113000
1885096000
1885039000
1885062000
1885076000
1885053000
1885071000
1885071000
1885057000
1885100000
1885094000
1885063000
1885084000
1885068000
1885036000
1885064000
1885045000
1885025000
1885041000
1885073000
1885013000
1885046000
1885065000
1885057000
1885054000
1885069000
1885060000
1885094000
1885097000
1884999000
1885037000
1885026000
1885004000
1885046000
1885045000
1885025000
1885069000
1885064000
1885046000
1885086000
1885094000
1885057000
1885092000
1885104000
1885117000
1885150000
1885153000
1885149000
1885136000
1885156000
1885147000
1885155000
1885158000
1885153000
1885176000
1885188000
1885168000
1885205000
1885200000
1885127000
1885160000
1885140000
1885081000
1885104000
1885113000
1885100000
1885127000
1885113000
1885097000
1885136000
1885110000
1885113000
1885141000
1885149000
1885154000
1885186000
1885204000
1885204000
1885238000
1885250000
1885255000
1885299000
1885311000
1885305000
1885336000
1885312000
1885274000
1885309000
1885325000
1885303000
1885311000
1885323000
1885305000
1885337000
1885314000
1885297000
1885325000
1885325000
1885318000
1885346000
1885363000
1885363000
1885403000
1885405000
1885394000
1885391000
1885399000
1885398000
1885427000
1885388000
1885376000
1885395000
1885410000
1885396000
1885417000
1885433000
1885359000
1885394000
1885350000
1885350000
1885399000
1885415000
1885414000
1885460000
1885477000
1885475000
1885506000
1885517000
1885514000
1885541000
1885548000
1885542000
1885563000
1885576000
1885567000
1885590000
1885570000
1885559000
1885585000
1885598000
1885594000
1885620000
1885629000
1885614000
1885649000
1885664000
1885638000
1885674000
1885679000
1885667000
1885697000
1885670000
1885602000
1885598000
1885608000
1885591000
1885609000
1885627000
1885590000
1885616000
1885571000
1885508000
1885524000
1885509000
1885504000
1885525000
1885526000
1885449000
1885463000
1885480000
1885345000
1885377000
1885381000
1885371000
1885395000
1885422000
1885398000
1885436000
1885429000
1885407000
1885435000
1885468000
1885455000
1885500000
1885471000
1885404000
1885432000
1885420000
1885402000
1885409000
1885376000
1885361000
1885398000
1885372000
1885366000
1885401000
1885396000
1885380000
1885375000
1885397000
1885383000
1885394000
1885417000
1885397000
1885412000
1885431000
1885409000
1885431000
1885416000
1885394000
1885416000
1885410000
1885378000
1885418000
1885419000
1885369000
1885396000
1885405000
1885383000
1885414000
1885421000
1885400000
1885418000
1885410000
1885377000
1885400000
1885402000
1885387000
1885397000
1885387000
1885349000
1885361000
1885345000
1885340000
1885358000
1885383000
1885351000
1885387000
1885405000
1885398000
1885434000
1885447000
1895290000
1895406000
1895438000
1895461000
1895503000
1895502000
1895466000
1895510000
1895894000
1895934000
1895954000
1895981000
1895973000
1896019000
1896041000
1896031000
1896071000
1896023000
1895902000
1895951000
1895973000
1895938000
1895985000
1895995000
1895923000
1895973000
1896004000
1895980000
1896023000
1896049000
1896052000
1896090000
1896238000
1896418000
1896488000
1896510000
1896497000
1896517000
1896531000
1896520000
1896556000
1896565000
1896535000
1896577000
1896606000
1896606000
1896627000
1896633000
1896596000
1896631000
1896640000
1896628000
1896667000
1896682000
1896685000
1896736000
1896766000
1896764000
1896806000
1896815000
1896843000
1896888000
1896898000
1896917000
1896984000
1897009000
1897028000
1897076000
1897100000
1897095000
1897139000
1897162000
1897172000
1897219000
1897248000
1897240000
1897286000
1897323000
1897333000
1897368000
1897372000
1897330000
1897355000
1897338000
1897346000
1897385000
1897417000
1897438000
1897466000
1897505000
1897528000
1897555000
1897575000
1897486000
1897504000
1897522000
1897486000
1897511000
1897514000
1897493000
1897503000
1897469000
1897429000
1897443000
1897466000
1897457000
1897458000
1897452000
1897416000
1897445000
1897415000
1897405000
1897430000
1897432000
1897246000
1897288000
1897318000
1897325000
1897371000
1897404000
1897415000
1897446000
1897480000
1897502000
1897538000
1897573000
1897485000
1897516000
1897516000
1897530000
1897573000
1897667000
1897645000
1897640000
1897627000
1897597000
1897605000
1897611000
1897593000
1897628000
1897618000
1897600000
1897637000
1897637000
1897561000
1897600000
1897625000
1897648000
1897695000
1897706000
1897716000
1897749000
1897768000
1897780000
1897812000
1897837000
1897830000
1897863000
1897891000
1897890000
1897934000
1897956000
1897967000
1898000000
1898033000
1898054000
1898100000
1898113000
1898136000
1898188000
1898208000
1898205000
1898233000
1898251000
1898271000
1898320000
1898339000
1898272000
1898305000
1898297000
1898212000
1898232000
1898238000
1898247000
1898295000
1898277000
1898145000
1898181000
1898188000
1898158000
1898191000
1898173000
1898165000
1898182000
1898170000
1898129000
1898164000
1898133000
1898117000
1898144000
1898125000
1898112000
1898129000
1898112000
1898082000
1898101000
1898095000
1898053000
1898071000
1898075000
1898032000
1898057000
1898054000
1897953000
1897983000
1897982000
1897943000
1897963000
1897959000
1897932000
1897950000
1897954000
1897920000
1897909000
1897902000
1897813000
1897842000
1897848000
1897824000
1897810000
1897832000
1897837000
1897888000
1897917000
1897924000
1897969000
1897998000
1897989000
1898039000
1898078000
1898076000
1898122000
1898151000
1898160000
1898199000
1898234000
1898236000
1898274000
1898291000
1898308000
1898364000
1898381000
1898371000
1898393000
1898412000
1898423000
1898474000
1898497000
1898511000
1898544000
1898568000
1898568000
1898588000
1898620000
1898722000
1898768000
1898785000
1898794000
1898894000
1898907000
1898908000
1898940000
1898911000
1898840000
1898865000
1898890000
1898866000
1898892000
1898923000
1898951000
1899000000
1899003000
1899001000
1899042000
1899077000
1899091000
1899137000
1899160000
1899179000
1899220000
1899256000
1899279000
1899310000
1899341000
1899346000
1899360000
1899373000
1899376000
1899403000
1899416000
1899428000
1899475000
1899463000
1899445000
1899468000
1899431000
1899453000
1899508000
1899376000
1899365000
1899378000
1899375000
1899343000
1899351000
1899361000
1899342000
1899365000
1899360000
1899344000
1899381000
1899387000
1899369000
1899401000
1899399000
1899382000
1899408000
1899406000
1899363000
1899387000
1899401000
1899394000
1899440000
1899469000
1899413000
1899453000
1899490000
1899520000
1899569000
1899610000
1899637000
1899685000
1899728000
1899760000
1899808000
1899848000
1899874000
1899923000
1899972000
1900000000
1900049000
1900095000
1900122000
1900178000
1900221000
1900247000
1900296000
1900334000
1900360000
1900415000
1900456000
1900483000
1900533000
1900570000
1900597000
1900656000
1900700000
1900727000
1900776000
1900813000
1900839000
1900907000
1900946000
1900974000
1912438000
1912528000
1912576000
1912636000
1912677000
1912707000
1912758000
1912797000
1912830000
1912887000
1912927000
1912955000
1913006000
1913044000
1913081000
1913134000
1913174000
1913200000
1913250000
1913294000
1913331000
1913382000
1913421000
1913450000
1913500000
1913545000
1913577000
1913628000
1913667000
1913695000
1913746000
1913790000
1913823000
1913873000
1913915000
1913943000
1913993000
1914038000
1914080000