6684000
410000
503000
490000
507000
462000
599000
500000
512000
460000
101762000
531000
449000
496000
388000
384000
436000
424000
448000
1106000
103122000
464000
457000
946000
321000
462000
439000
401000
424000
438000
101226000
2214000
454000
523000
480000
464000
447000
487000
491000
373000
101140000
365000
395000
448000
450000
382000
429000
423000
330000
102553000
615000
544000
504000
979000
452000
604000
580000
545000
496000
105679000
555000
549000
359000
525000
483000
657000
484000
454000
635000
105639000
635000
518000
652000
611000
361000
326000
402000
534000
644000
101097000
639000
631000
485000
380000
555000
562000
474000
429000
520000
101158000
603000
466000
590000
560000
658000
605000
511000
478000
105669000
429000
379000
339000
577000
375000
629000
622000
701000
526000
100742000
378000
544000
468000
597000
496000
582000
496000
534000
609000
100774000
552000
364000
458000
569000
602000
469000
492000
513000
515000
102719000
680000
734000
931000
785000
845000
695000
682000
688000
681000
101050000
755000
623000
824000
787000
706000
721000
1014000
767000
756000
100916000
933000
783000
724000
740000
611000
623000
577000
825000
599000
101026000
671000
757000
664000
708000
529000
670000
667000
668000
802000
100977000
736000
817000
777000
673000
499000
568000
804000
828000
794000
101346000
841000
871000
829000
801000
835000
565000
726000
685000
796000
101282000
707000
640000
877000
698000
801000
840000
668000
683000
101288000
824000
744000
742000
843000
640000
732000
600000
729000
807000
101634000
703000
710000
1455000
589000
746000
606000
563000
601000
702000
101134000
660000
577000
585000
591000
580000
703000
607000
769000
609000
101150000
622000
669000
731000
517000
325000
445000
567000
603000
552000
100623000
521000
624000
566000
545000
645000
610000
589000
608000
595000
102665000
936000
713000
732000
753000
815000
910000
747000
833000
843000
105634000
1014000
730000
799000
832000
739000
706000
687000
841000
789000
101028000
602000
726000
557000
726000
621000
407000
625000
833000
580000
100794000
451000
805000
497000
943000
672000
892000
622000
640000
737000
100825000
578000
717000
564000
664000
579000
609000
713000
828000
764000
101495000
701000
779000
822000
614000
646000
583000
648000
816000
723000
101602000
2323000
606000
700000
687000
716000
754000
777000
1580000
100744000
655000
815000
774000
792000
637000
662000
704000
661000
769000
101163000
596000
632000
732000
718000
792000
692000
785000
724000
725000
101537000
773000
712000
860000
667000
586000
571000
534000
660000
494000
100639000
676000
652000
645000
641000
619000
488000
613000
554000
548000
103596000
340000
332000
517000
518000
591000
624000
710000
591000
526000
105570000
578000
644000
764000
844000
756000
680000
711000
613000
830000
105460000
2251000
634000
1068000
835000
712000
844000
648000
2259000
733000
101455000
1013000
639000
833000
823000
637000
661000
726000
755000
631000
101205000
796000
756000
615000
797000
709000
770000
680000
570000
744000
101331000
669000
641000
466000
548000
653000
656000
829000
658000
724000
101443000
678000
768000
1011000
715000
641000
851000
696000
747000
101524000
652000
866000
822000
725000
1036000
929000
985000
804000
822000
100808000
489000
634000
423000
577000
661000
642000
673000
583000
672000
100900000
431000
306000
465000
324000
405000
399000
407000
407000
431000
100534000
663000
410000
406000
425000
407000
397000
419000
413000
440000
101008000
444000
429000
419000
422000
459000
558000
421000
414000
451000
101071000
396000
456000
428000
400000
434000
523000
463000
386000
385000
100544000
389000
413000
402000
414000
483000
402000
449000
457000
104098000
415000
436000
445000
461000
486000
439000
423000
431000
446000
101407000
383000
547000
379000
429000
414000
455000
384000
422000
370000
100452000
476000
424000
431000
410000
391000
480000
397000
450000
1034000
102409000
363000
376000
379000
387000
383000
375000
478000
480000
400000
101829000
378000
380000
471000
427000
422000
434000
464000
444000
100575000
420000
964000
663000
883000
815000
1199000
754000
827000
848000
101220000
698000
675000
961000
372000
675000
731000
729000
765000
789000
100965000
738000
750000
742000
795000
911000
794000
677000
963000
824000
101440000
1021000
729000
643000
826000
804000
730000
751000
777000
642000
101263000
829000
859000
902000
887000
818000
837000
733000
710000
773000
101318000
960000
860000
852000
855000
833000
919000
686000
930000
887000
101197000
913000
774000
662000
732000
630000
796000
710000
932000
919000
104132000
703000
874000
718000
791000
866000
790000
833000
849000
704000
101171000
1087000
795000
851000
913000
716000
1052000
881000
705000
791000
101031000
733000
850000
1020000
815000
898000
495000
630000
418000
286000
100549000
731000
440000
422000
431000
697000
888000
819000
747000
2094000
101040000
722000
909000
718000
890000
821000
617000
611000
486000
100796000
479000
445000
1218000
933000
1126000
829000
970000
905000
611000
101066000
467000
1088000
1094000
683000
774000
419000
1104000
599000
792000
101404000
790000
784000
870000
841000
863000
784000
595000
563000
646000
102009000
733000
710000
657000
790000
674000
617000
770000
682000
820000
101143000
797000
629000
671000
746000
664000
720000
855000
883000
580000
101555000
706000
774000
600000
683000
811000
871000
753000
816000
645000
100910000
936000
876000
903000
778000
658000
651000
835000
781000
845000
105715000
813000
760000
721000
728000
892000
606000
676000
601000
684000
105915000
738000
831000
718000
721000
638000
736000
873000
715000
767000
102683000
890000
696000
775000
853000
736000
788000
2183000
684000
101443000
802000
666000
701000
803000
859000
809000
914000
645000
764000
104193000
756000
823000
745000
823000
728000
751000
883000
744000
790000
101333000
659000
642000
629000
761000
716000
869000
594000
727000
1008000
103416000
479000
728000
994000
913000
1034000
758000
805000
1148000
681000
101327000
920000
756000
728000
683000
892000
888000
800000
880000
881000
101374000
928000
2402000
756000
909000
821000
848000
1015000
852000
963000
102677000
903000
716000
576000
726000
788000
691000
821000
748000
717000
104033000
717000
783000
958000
847000
928000
1008000
701000
586000
447000
100623000
799000
907000
726000
733000
747000
825000
730000
786000
726000
100933000
812000
942000
756000
845000
930000
954000
639000
555000
670000
100854000
871000
814000
705000
808000
818000
697000
979000
1014000
791000
101363000
734000
665000
846000
2686000
1016000
803000
813000
796000
934000
101448000
852000
692000
730000
753000
761000
833000
871000
779000
101297000
947000
996000
1228000
911000
564000
2693000
859000
918000
955000
101715000
780000
698000
811000
707000
671000
849000
711000
571000
670000
102757000
833000
788000
663000
812000
816000
790000
609000
760000
722000
100829000
623000
645000
647000
637000
654000
563000
514000
593000
552000
100667000
819000
499000
617000
497000
649000
479000
397000
491000
606000
101247000
419000
495000
394000
534000
519000
545000
562000
524000
522000
100617000
1994000
496000
516000
455000
469000
588000
420000
434000
431000
101238000
529000
511000
497000
409000
528000
537000
404000
298000
500000
100721000
595000
560000
536000
613000
584000
412000
462000
496000
636000
103495000
514000
544000
465000
480000
481000
476000
555000
390000
467000
100988000
395000
443000
607000
514000
518000
465000
561000
476000
100799000