9387000
464000
2063000
458000
464000
471000
443000
435000
101485000
452000
2426000
597000
484000
452000
488000
486000
470000
436000
104459000
461000
432000
468000
456000
476000
444000
455000
591000
101097000
440000
453000
462000
560000
462000
420000
464000
473000
462000
101031000
483000
462000
481000
414000
457000
466000
426000
474000
435000
103765000
554000
448000
440000
612000
451000
443000
454000
502000
468000
105706000
531000
695000
507000
457000
621000
611000
573000
621000
536000
101791000
347000
531000
534000
434000
623000
604000
635000
529000
105720000
672000
626000
557000
514000
526000
588000
535000
535000
595000
101382000
535000
736000
410000
647000
626000
585000
595000
533000
611000
102946000
662000
510000
617000
629000
2643000
641000
547000
513000
684000
104162000
401000
383000
351000
475000
603000
594000
736000
588000
654000
101361000
624000
701000
590000
727000
519000
591000
567000
728000
615000
100881000
514000
766000
557000
566000
610000
486000
615000
532000
100571000
652000
770000
742000
604000
521000
618000
547000
462000
457000
100800000
581000
493000
502000
485000
505000
539000
525000
416000
417000
104837000
368000
374000
502000
352000
458000
354000
1860000
508000
475000
101198000
430000
401000
445000
410000
474000
323000
348000
450000
507000
100674000
643000
451000
472000
527000
535000
322000
498000
517000
451000
102945000
557000
611000
444000
428000
483000
514000
729000
510000
579000
100810000
642000
1961000
625000
514000
511000
626000
635000
614000
100802000
679000
586000
456000
539000
656000
453000
583000
622000
782000
105680000
460000
675000
477000
669000
552000
567000
607000
529000
524000
104809000
589000
689000
601000
596000
470000
509000
572000
550000
604000
100776000
656000
494000
599000
423000
575000
603000
659000
509000
638000
101405000
594000
462000
446000
484000
1051000
512000
547000
422000
516000
101838000
440000
538000
440000
453000
481000
2022000
506000
428000
447000
101353000
462000
492000
532000
534000
422000
359000
509000
584000
101690000
479000
545000
552000
546000
500000
353000
479000
402000
321000
102768000
467000
451000
504000
469000
410000
362000
411000
428000
450000
104375000
497000
417000
474000
441000
483000
487000
513000
610000
470000
101051000
396000
480000
456000
420000
406000
363000
354000
631000
482000
101187000
511000
492000
400000
430000
385000
493000
429000
353000
387000
100645000
439000
391000
565000
396000
455000
464000
471000
497000
100967000
422000
387000
401000
453000
329000
527000
377000
476000
458000
100647000
350000
371000
351000
520000
475000
538000
413000
560000
700000
105515000
355000
424000
586000
523000
371000
403000
1921000
376000
378000
100411000
407000
395000
362000
397000
397000
422000
427000
434000
398000
100691000
448000
407000
391000
409000
471000
419000
372000
399000
103609000
372000
447000
427000
584000
451000
463000
488000
448000
428000
101243000
421000
437000
444000
465000
410000
454000
431000
451000
410000
101130000
540000
453000
449000
426000
444000
401000
403000
392000
401000
100965000
402000
405000
2008000
438000
401000
409000
439000
436000
464000
104403000
466000
456000
464000
434000
430000
431000
435000
454000
101293000
465000
455000
440000
445000
455000
458000
462000
450000
445000
105505000
439000
428000
445000
453000
433000
447000
439000
454000
450000
105505000
469000
446000
418000
464000
423000
444000
507000
437000
442000
100979000
437000
498000
450000
438000
435000
479000
427000
458000
415000
105605000
685000
608000
579000
614000
638000
625000
505000
582000
100963000
406000
475000
438000
320000
375000
603000
626000
368000
660000
100619000
478000
580000
483000
372000
545000
537000
351000
517000
395000
101373000
390000
514000
501000
490000
518000
523000
567000
496000
495000
100663000
514000
406000
528000
700000
563000
456000
496000
585000
715000
100681000
649000
602000
586000
2046000
609000
475000
501000
564000
353000
100591000
299000
325000
516000
440000
354000
487000
563000
506000
651000
100889000
526000
381000
526000
655000
650000
577000
627000
477000
673000
100769000
678000
755000
558000
677000
497000
607000
653000
631000
101856000
661000
682000
619000
592000
636000
613000
513000
607000
534000
102244000
575000
581000
413000
370000
302000
331000
331000
425000
312000
100455000
590000
453000
478000
631000
721000
512000
710000
730000
545000
101272000
631000
652000
724000
677000
548000
612000
491000
492000
668000
101300000
573000
661000
489000
407000
575000
545000
632000
675000
595000
101214000
649000
658000
440000
505000
682000
689000
643000
701000
649000
101133000
657000
686000
698000
555000
366000
549000
525000
707000
597000
105469000
497000
538000
513000
1732000
600000
424000
413000
528000
101457000
580000
454000
652000
555000
574000
679000
405000
594000
377000
101327000
667000
474000
477000
696000
537000
598000
555000
639000
524000
101256000
609000
615000
530000
664000
670000
770000
511000
679000
743000
101941000
542000
499000
322000
305000
315000
300000
555000
660000
702000
101134000
666000
598000
568000
607000
696000
771000
590000
513000
752000
104574000
807000
651000
509000
485000
598000
596000
569000
562000
632000
101553000
546000
700000
583000
702000
333000
330000
586000
364000
522000
102791000
507000
479000
508000
640000
561000
560000
442000
481000
487000
103808000
498000
362000
407000
487000
487000
538000
548000
543000
101511000
762000
484000
428000
537000
560000
584000
2111000
585000
583000
101015000
592000
967000
417000
432000
551000
543000
467000
446000
576000
101531000
510000
479000
495000
416000
686000
620000
574000
492000
597000
100791000
603000
506000
548000
476000
569000
545000
676000
576000
306000
100427000
505000
599000
562000
630000
562000
589000
524000
498000
618000
101408000
569000
723000
563000
584000
524000
513000
500000
533000
535000
100962000
408000
582000
506000
572000
632000
541000
497000
475000
635000
100994000
595000
451000
465000
575000
650000
429000
612000
639000
100956000
619000
570000
483000
608000
563000
574000
605000
516000
528000
101367000
497000
590000
432000
415000
586000
604000
532000
433000
485000
100874000
718000
448000
427000
441000
289000
443000
538000
653000
468000
105409000
671000
493000
608000
574000
550000
410000
487000
480000
479000
100619000
511000
579000
528000
570000
488000
573000
611000
531000
501000
101181000
538000
499000
507000
546000
477000
517000
577000
709000
533000
100651000
511000
488000
526000
511000
532000
530000
500000
511000
460000
100729000
2061000
594000
299000
395000
539000
437000
564000
499000
102229000
572000
458000
511000
457000
402000
405000
556000
401000
486000
100637000
404000
584000
559000
591000
591000
378000
552000
457000
577000
104763000
524000
307000
564000
550000
454000
545000
499000
644000
741000
100772000
548000
698000
682000
610000
627000
730000
655000
608000
598000
100588000
694000
629000
408000
341000
379000
398000
441000
456000
396000
101141000
494000
390000
464000
582000
600000
465000
549000
368000
441000
101175000
474000
473000
524000
549000
473000
426000
588000
425000
576000
101024000
2103000
619000
550000
690000
528000
602000
593000
577000
627000
101539000
546000
651000
606000
473000
652000
660000
542000
579000
100789000
433000
717000
600000
596000
561000
404000
545000
624000
604000
100827000
652000
649000
661000
600000
455000
616000
599000
418000
821000
100707000
625000
626000
413000
547000
393000
309000