3482000
498000
496000
466000
482000
557000
453000
483000
488000
474000
105545000
451000
1179000
498000
470000
469000
444000
480000
496000
105500000
476000
456000
386000
432000
484000
525000
486000
446000
460000
104665000
631000
477000
449000
450000
2061000
512000
474000
465000
491000
105511000
436000
460000
437000
472000
450000
491000
458000
456000
566000
101791000
424000
486000
472000
459000
439000
443000
442000
440000
532000
104991000
480000
468000
414000
461000
515000
2008000
455000
443000
495000
104935000
448000
441000
457000
470000
488000
474000
467000
466000
104335000
450000
463000
487000
470000
444000
456000
488000
480000
474000
105498000
457000
497000
442000
462000
487000
460000
456000
459000
455000
101134000
473000
447000
452000
487000
493000
479000
443000
1961000
434000
105482000
440000
463000
444000
456000
474000
2018000
459000
459000
487000
455000
467000
433000
465000
458000
457000
441000
512000
502000
100668000
532000
461000
446000
448000
455000
505000
468000
436000
453000
103282000
453000
450000
453000
471000
458000
497000
478000
474000
454000
101598000
563000
462000
446000
447000
492000
457000
494000
504000
488000
105505000
435000
464000
476000
515000
495000
493000
459000
486000
105496000
479000
483000
401000
475000
464000
489000
491000
442000
463000
100930000
448000
442000
459000
432000
427000
447000
421000
468000
459000
101118000
465000
451000
460000
486000
457000
429000
485000
511000
428000
100667000
491000
591000
460000
432000
436000
446000
484000
451000
105516000
456000
453000
393000
486000
499000
459000
430000
480000
490000
101172000
487000
453000
474000
451000
454000
465000
441000
481000
476000
100685000
467000
443000
499000
436000
449000
498000
490000
458000
451000
100969000
455000
1973000
488000
489000
463000
449000
459000
504000
101106000
478000
499000
506000
581000
432000
449000
463000
438000
450000
100703000
435000
459000
430000
489000
455000
468000
425000
478000
432000
101051000
462000
465000
436000
477000
462000
457000
530000
468000
451000
105524000
439000
504000
466000
461000
443000
464000
471000
474000
502000
105510000
430000
495000
452000
491000
474000
484000
457000
488000
100954000
428000
458000
812000
477000
570000
487000
474000
448000
448000
100527000
446000
434000
417000
453000
421000
451000
446000
461000
438000
101053000
450000
458000
450000
437000
440000
451000
441000
425000
448000
105522000
492000
437000
471000
449000
440000
495000
487000
517000
454000
101003000
500000
414000
622000
470000
434000
476000
417000
486000
492000
105531000
447000
455000
451000
586000
566000
535000
494000
480000
104950000
430000
470000
951000
428000
460000
435000
440000
465000
480000
105536000
442000
430000
2048000
441000
458000
460000
463000
441000
446000
104385000
463000
465000
450000
449000
451000
456000
434000
475000
453000
101258000
454000
446000
454000
465000
459000
467000
451000
1978000
101167000
440000
513000
842000
473000
428000
429000
602000
451000
484000
100485000
474000
450000
418000
442000
459000
463000
484000
461000
563000
100707000
504000
423000
465000
439000
458000
471000
473000
464000
459000
100590000
444000
496000
413000
462000
479000
454000
475000
471000
436000
101072000
412000
448000
474000
490000
449000
450000
475000
456000
467000
100827000
488000
482000
460000
508000
440000
450000
615000
458000
101352000
447000
484000
459000
467000
461000
453000
449000
467000
463000
100871000
509000
429000
432000
442000
447000
427000
445000
482000
490000
101306000
502000
467000
459000
484000
436000
505000
2068000
463000
446000
100550000
455000
454000
447000
474000
449000
477000
473000
451000
515000
100560000
482000
473000
526000
476000
454000
453000
496000
589000
100748000
448000
1985000
402000
458000
459000
469000
471000
464000
467000
102033000
473000
506000
450000
435000
517000
446000
467000
475000
473000
101324000
462000
472000
442000
467000
493000
462000
476000
519000
492000
105514000
431000
472000
475000
458000
2029000
472000
482000
485000
100809000
452000
463000
768000
478000
473000
439000
510000
463000
484000
101201000
497000
466000
445000
446000
474000
436000
462000
446000
433000
100589000
460000
430000
477000
458000
441000
490000
525000
490000
548000
105534000
454000
473000
459000
458000
472000
476000
465000
547000
492000
100982000
466000
462000
461000
631000
519000
532000
465000
500000
100993000
473000
450000
463000
492000
453000
460000
478000
465000
478000
105523000
592000
456000
470000
590000
492000
516000
428000
466000
1989000
103427000
457000
458000
506000
440000
463000
454000
495000
446000
467000
105520000
478000
436000
497000
457000
453000
470000
454000
453000
100913000
442000
463000
422000
433000
472000
481000
451000
541000
456000
100912000
489000
440000
444000
481000
454000
466000
503000
461000
491000
104145000
448000
591000
474000
477000
510000
511000
436000
424000
427000
100721000
487000
430000
462000
458000
486000
465000
445000
476000
103545000
485000
473000
474000
477000
465000
501000
463000
450000
467000
100785000
476000
455000
410000
472000
463000
497000
462000
501000
482000
101353000
477000
424000
448000
424000
453000
454000
522000
450000
476000
101260000
431000
441000
568000
454000
526000
439000
472000
428000
483000
105506000
485000
432000
455000
444000
463000
468000
2015000
458000
104396000
455000
451000
447000
423000
456000
457000
493000
431000
435000
100558000
459000
452000
460000
507000
499000
489000
459000
462000
427000
101466000
452000
480000
499000
471000
452000
454000
490000
457000
578000
105543000
487000
436000
464000
587000
459000
459000
472000
456000
102002000
527000
479000
434000
514000
491000
481000
444000
456000
469000
100676000
470000
456000
421000
470000
449000
507000
455000
497000
765000
102320000
455000
476000
449000
452000
453000
447000
437000
475000
476000
103086000
492000
462000
461000
469000
474000
498000
428000
439000
491000
101553000
551000
438000
467000
468000
570000
415000
415000
459000
475000
101299000
500000
443000
439000
431000
493000
490000
463000
582000
101709000
445000
434000
469000
456000
460000
455000
462000
494000
466000
105566000
445000
437000
1936000
554000
455000
436000
470000
476000
501000
104918000
457000
481000
489000
489000
544000
470000
429000
453000
441000
101080000
529000
459000
448000
472000
490000
579000
448000
491000
100967000
477000
468000
481000
462000
445000
468000
464000
453000
503000
100635000
488000
443000
462000
465000
425000
530000
465000
459000
486000
103270000
446000
425000
440000
451000
494000
460000
499000
448000
450000
100506000
442000
446000
487000
481000
485000
471000
479000
480000
518000
105507000
463000
496000
460000
462000
482000
457000
631000
495000
105519000
461000
459000
524000
472000
571000
446000
465000
418000
453000
101267000
551000
471000
409000
452000
430000
459000
485000
441000
445000
100973000
468000
532000
436000
476000
438000
464000
467000
463000
446000
101574000
452000
482000
465000
447000
482000
474000
448000
453000
471000
101921000
442000
473000
450000
423000
432000
487000
465000
582000
431000
436000
464000
516000
453000
470000
454000
447000
455000
497000
101050000
455000
439000
430000
453000
478000
438000
490000
537000
561000
105506000
450000
439000
446000
441000
492000
483000
452000
469000
471000
101246000
711000
459000
433000
435000
461000
458000
454000
426000
427000
105513000
469000
456000
456000
549000
461000
462000
432000
452000
101443000
466000