554000
474000
477000
449000
425000
416000
424000
428000
407000
402000
403000
400000
401000
400000
411000
419000
405000
408000
409000
407000
400000
413000
565000
695000
540000
520000
457000
487000
430000
428000
431000
623000
462000
433000
463000
426000
463000
413000
418000
421000
404000
417000
427000
412000
408000
414000
413000
423000
407000
408000
420000
418000
408000
419000
407000
409000
418000
442000
408000
404000
401000
400000
413000
398000
419000
447000
456000
694000
525000
482000
433000
458000
436000
426000
452000
411000
415000
415000
407000
406000
411000
414000
405000
414000
425000
421000
403000
422000
408000
405000
413000
416000
422000
423000
443000
432000
594000
512000
443000
410000
415000
426000
410000
401000
422000
419000
409000
400000
415000
462000
441000
403000
402000
420000
424000
434000
411000
408000
421000
4744000
578000
552000
490000
457000
459000
468000
774000
510000
483000
477000
483000
420000
421000
413000
417000
423000
412000
415000
414000
425000
419000
408000
401000
399000
397000
419000
421000
408000
408000
402000
401000
417000
405000
407000
399000
480000
455000
424000
409000
436000
418000
417000
422000
419000
409000
406000
453000
411000
406000
392000
404000
416000
422000
404000
400000
406000
415000
438000
407000
398000
397000
415000
418000
406000
425000
439000
407000
428000
409000
398000
399000
434000
401000
396000
430000
414000
678000
481000
459000
412000
409000
418000
406000
409000
427000
414000
413000
423000
414000
394000
402000
417000
417000
404000
398000
419000
428000
410000
407000
408000
405000
399000
423000
414000
416000
406000
399000
400000
416000
414000
419000
411000
419000
414000
405000
417000
416000
408000
402000
405000
406000
407000
407000
402000
406000
454000
417000
410000
420000
415000
517000
458000
433000
418000
432000
404000
419000
428000
409000
415000
430000
435000
438000
413000
430000
409000
403000
400000
401000
417000
416000
407000
410000
403000
397000
417000
412000
417000
409000
405000
447000
414000
437000
431000
439000
406000
415000
423000
425000
411000
409000
409000
415000
416000
424000
422000
425000
471000
423000
463000
437000
432000
445000
412000
418000
415000
408000
421000
409000
402000
404000
405000
417000
412000
411000
421000
413000
415000
414000
412000
405000
406000
789000
493000
431000
416000
450000
426000
416000
456000
416000
414000
413000
420000
413000
412000
418000
416000
432000
415000
411000
405000
407000
423000
412000
485000
427000
424000
440000
408000
432000
428000
435000
424000
410000
404000
412000
452000
436000
415000
406000
406000
430000
416000
460000
455000
420000
441000
453000
420000
908000
426000
413000
417000
440000
402000
399000
398000
412000
411000
404000
407000
410000
404000
416000
411000
412000
427000
402000
404000
402000
413000
415000
440000
421000
407000
402000
394000
415000
430000
409000
408000
404000
408000
409000
416000
401000
418000
412000
408000
409000
425000
402000
424000
411000
439000
409000
404000
930000
488000
475000
511000
599000
550000
527000
474000
441000
477000
480000
436000
464000
441000
441000
430000
414000
415000
428000
491000
439000
421000
399000
442000
449000
455000
427000
406000
417000
4608000
575000
563000
486000
465000
429000
465000
490000
466000
427000
426000
415000
430000
443000
444000
439000
412000
449000
438000
408000
431000
403000
418000
419000
439000
396000
383000
401000
417000
404000
399000
391000
413000
401000
403000
395000
414000
413000
406000
402000
452000
422000
429000
441000
409000
409000
417000
398000
393000
416000
414000
407000
445000
447000
430000
397000
399000
414000
426000
405000
394000
413000
398000
397000
395000
416000
403000
409000
394000
396000
417000
402000
420000
394000
426000
437000
445000
494000
472000
417000
432000
417000
399000
396000
412000
432000
431000
404000
394000
410000
409000
445000
411000
445000
478000
415000
420000
419000
824000
487000
476000
429000
512000
428000
404000
426000
406000
401000
447000
428000
1066000
538000
492000
573000
469000
437000
469000
470000
476000
442000
464000
442000
443000
448000
461000
472000
429000
403000
395000
469000
421000
424000
402000
414000
404000
413000
405000
403000
399000
412000
403000
409000
417000
418000
588000
435000
414000
448000
456000
442000
443000
416000
417000
413000
411000
403000
393000
411000
402000
398000
411000
410000
403000
391000
381000
406000
408000
392000
465000
446000
449000
408000
413000
1296000
502000
506000
508000
563000
482000
431000
424000
422000
443000
470000
450000
440000
402000
407000
428000
408000
417000
424000
416000
436000
419000
403000
398000
416000
408000
405000
415000
418000
417000
447000
442000
415000
424000
409000
417000
401000
417000
408000
405000
424000
407000
413000
408000
408000
411000
421000
404000
412000
407000
402000
396000
406000
420000
423000
429000
405000
411000
411000
420000
426000
405000
447000
412000
420000
433000
407000
416000
408000
405000
405000
451000
430000
418000
412000
422000
423000
406000
412000
414000
406000
424000
401000
416000
412000
410000
411000
421000
465000
430000
423000
413000
412000
409000
411000
408000
426000
850000
404000
399000
427000
421000
442000
444000
422000
415000
411000
429000
400000
412000
403000
389000
448000
401000
408000
402000
397000
397000
447000
413000
405000
415000
411000
410000
414000
400000
402000
404000
415000
401000
420000
442000
424000
412000
427000
422000
431000
429000
441000
440000
414000
416000
416000
692000
447000
425000
440000
419000
423000
423000
402000
414000
456000
412000
456000
442000
431000
415000
4321000
505000
445000
446000
445000
443000
431000
429000
433000
695000
537000
458000
448000
462000
501000
484000
541000
504000
448000
512000
475000
479000
465000
422000
422000
437000
449000
426000
430000
439000
407000
417000
419000
415000
415000
416000
418000
419000
431000
462000
442000
433000
418000
430000
393000
442000
428000
438000
435000
448000
445000
435000
425000
441000
408000
400000
440000
502000
469000
490000
432000
452000
425000
456000
410000
449000
418000
408000
420000
394000
394000
400000
445000
429000
425000
423000
429000
398000
407000
413000
443000
402000
410000
818000
479000
473000
441000
410000
401000
396000
413000
511000
486000
521000
485000
439000
470000
461000
432000
449000
429000
406000
395000
441000
421000
408000
404000
492000
422000
444000
421000
434000
446000
404000
411000
405000
399000
443000
407000
412000
400000
422000
401000
403000
391000
404000
425000
423000
398000
396000
430000
416000
442000
406000
403000
405000
406000
404000
441000
404000
403000
404000
415000
429000
439000
433000
436000
402000
415000
406000
398000
409000
398000
400000
424000
417000
432000
416000
395000
405000
445000
424000
438000
424000
401000
394000
437000
395000
425000
432000
401000
391000
389000
410000
400000
395000
391000
412000
412000
453000
437000
439000
407000
409000
449000
430000
458000
424000
408000
400000
403000
411000
402000
412000
396000
409000
393000
420000
400000
410000
404000
406000
408000
467000
431000
409000
399000
419000
405000
431000
433000
442000
413000
400000
395000
414000
402000
409000
409000
427000
397000
397000