577000
490000
486000
465000
466000
461000
469000
488000
522000
487000
504000
491000
488000
495000
526000
508000
493000
493000
494000
489000
488000
485000
484000
501000
488000
491000
495000
488000
480000
491000
471000
494000
488000
479000
491000
504000
498000
483000
492000
490000
483000
495000
486000
1423000
763000
737000
727000
740000
777000
532000
551000
544000
530000
530000
491000
479000
519000
473000
480000
518000
502000
491000
517000
518000
528000
481000
468000
476000
436000
460000
490000
485000
461000
468000
457000
502000
482000
493000
474000
465000
475000
473000
462000
481000
513000
462000
429000
455000
428000
447000
479000
478000
498000
454000
461000
477000
469000
479000
492000
472000
469000
449000
422000
482000
441000
474000
481000
458000
495000
481000
472000
478000
433000
474000
475000
489000
485000
477000
457000
461000
489000
452000
490000
455000
458000
432000
477000
1069000
528000
510000
517000
535000
483000
479000
478000
469000
534000
529000
495000
525000
489000
549000
581000
535000
495000
467000
484000
462000
485000
483000
435000
483000
478000
486000
460000
455000
473000
493000
470000
438000
483000
474000
487000
491000
433000
451000
440000
449000
449000
485000
522000
502000
463000
458000
482000
458000
1549000
544000
539000
553000
633000
544000
530000
542000
533000
538000
501000
475000
481000
511000
512000
488000
482000
467000
461000
493000
493000
476000
489000
486000
471000
455000
471000
475000
473000
442000
574000
491000
509000
515000
469000
470000
473000
515000
454000
495000
500000
478000
457000
463000
526000
529000
508000
511000
455000
462000
420000
478000
475000
506000
468000
488000
552000
558000
552000
613000
547000
593000
554000
499000
538000
492000
480000
482000
472000
518000
486000
478000
517000
487000
466000
491000
475000
474000
486000
471000
435000
454000
475000
500000
483000
451000
457000
449000
468000
448000
473000
468000
466000
453000
458000
429000
456000
443000
484000
447000
466000
473000
482000
477000
446000
458000
417000
418000
415000
411000
430000
423000
454000
451000
461000
466000
440000
480000
449000
455000
454000
454000
416000
450000
442000
447000
444000
453000
456000
456000
465000
450000
445000
427000
419000
421000
415000
428000
446000
441000
455000
461000
457000
465000
446000
458000
452000
436000
458000
442000
442000
441000
459000
425000
519000
466000
424000
452000
459000
448000
425000
461000
458000
447000
435000
539000
477000
469000
456000
471000
456000
462000
455000
481000
427000
424000
459000
413000
420000
469000
460000
423000
473000
472000
462000
452000
443000
422000
452000
450000
476000
437000
469000
472000
427000
429000
472000
453000
473000
429000
637000
457000
468000
459000
451000
471000
457000
438000
430000
459000
454000
446000
454000
465000
454000
429000
424000
417000
440000
463000
444000
451000
422000
462000
456000
450000
461000
464000
451000
457000
451000
445000
481000
457000
425000
461000
454000
463000
423000
432000
457000
459000
454000
475000
450000
460000
458000
468000
570000
533000
523000
546000
471000
479000
474000
495000
478000
521000
482000
477000
498000
466000
482000
487000
470000
543000
450000
446000
499000
424000
479000
457000
468000
467000
470000
468000
454000
546000
531000
555000
556000
572000
526000
722000
514000
545000
524000
531000
516000
499000
482000
480000
479000
499000
489000
477000
464000
1777000
536000
523000
545000
559000
550000
567000
614000
761000
606000
568000
580000
528000
530000
506000
507000
482000
473000
504000
476000
498000
514000
483000
494000
1389000
526000
537000
549000
623000
596000
583000
567000
544000
493000
480000
469000
468000
476000
493000
447000
454000
475000
451000
529000
454000
502000
495000
509000
538000
526000
457000
443000
489000
531000
525000
554000
523000
485000
483000
480000
474000
475000
462000
488000
473000
499000
464000
463000
438000
464000
497000
452000
474000
468000
478000
518000
486000
491000
436000
447000
443000
473000
458000
469000
549000
486000
476000
468000
475000
475000
499000
483000
484000
457000
428000
419000
443000
470000
487000
460000
478000
489000
474000
480000
474000
447000
452000
468000
755000
560000
471000
466000
471000
464000
503000
468000
490000
461000
1302000
507000
735000
541000
497000
466000
470000
484000
470000
464000
480000
527000
460000
457000
468000
455000
504000
482000
480000
472000
467000
465000
464000
460000
443000
431000
496000
464000
460000
455000
441000
479000
459000
447000
435000
439000
466000
450000
452000
441000
448000
446000
412000
455000
455000
450000
450000
457000
444000
460000
457000
4172000
575000
582000
551000
534000
500000
490000
472000
490000
495000
479000
461000
465000
480000
559000
502000
491000
480000
489000
474000
474000
483000
470000
479000
479000
476000
459000
463000
470000
461000
455000
480000
482000
475000
475000
457000
470000
478000
454000
450000
469000
472000
479000
483000
464000
485000
462000
469000
456000
511000
516000
493000
1000000
530000
501000
629000
527000
583000
497000
516000
523000
503000
461000
468000
466000
485000
465000
454000
495000
514000
494000
453000
487000
481000
456000
469000
467000
464000
506000
434000
453000
457000
468000
438000
444000
479000
450000
455000
464000
735000
462000
437000
442000
438000
443000
471000
435000
452000
439000
466000
467000
466000
471000
436000
461000
430000
470000
463000
465000
465000
451000
469000
525000
457000
475000
470000
493000
470000
426000
415000
441000
438000
439000
430000
428000
443000
463000
493000
464000
475000
501000
482000
414000
438000
445000
484000
459000
435000
444000
436000
430000
464000
452000
448000
478000
449000
413000
436000
425000
532000
468000
458000
462000
519000
445000
462000
430000
425000
427000
423000
416000
450000
417000
439000
455000
458000
434000
457000
456000
421000
462000
450000
446000
444000
422000
419000
437000
444000
443000
439000
442000
416000
431000
438000
445000
452000
453000
444000
457000
454000
515000
571000
524000
525000
509000
466000
454000
478000
496000
471000
461000
526000
497000
493000
461000
466000
484000
463000
454000
457000
454000
478000
438000
448000
482000
517000
482000
482000
471000
513000
571000
581000
537000
527000
475000
479000
1432000
499000
546000
501000
490000
542000
537000
529000
548000
532000
512000
514000
477000
473000
479000
475000
472000
508000
483000
477000
455000
459000
470000
494000
457000
468000
490000
473000
486000
477000
469000
473000
507000
463000
459000
472000
437000
470000
459000
452000
445000
466000
466000
474000
452000
457000
472000
477000
529000
465000
476000
479000
468000
475000
469000
452000
461000
445000
450000
451000
464000
454000
487000
473000
463000
460000
484000
471000
482000
475000
483000
452000
444000
470000
476000
461000
469000
467000
462000
471000
491000
452000
466000
483000
481000
470000
463000
469000
467000
470000
435000
451000
447000
465000
482000
451000
471000
474000
453000
464000
456000
476000
468000
468000
461000
484000
455000
483000
465000
482000
424000
468000
457000
521000
459000
451000
480000
473000
482000
425000
465000
460000
442000
462000
522000
451000
442000
425000
452000
441000
463000
479000