533000
435000
464000
409000
437000
456000
417000
454000
516000
497000
492000
641000
550000
558000
562000
509000
482000
486000
466000
470000
442000
459000
459000
532000
486000
450000
474000
455000
442000
437000
427000
453000
475000
459000
472000
414000
462000
868000
450000
418000
432000
416000
427000
450000
447000
417000
445000
458000
410000
460000
447000
411000
427000
1039000
513000
441000
476000
471000
411000
452000
427000
407000
455000
435000
458000
453000
413000
443000
426000
410000
405000
445000
423000
405000
466000
434000
468000
4234000
514000
529000
570000
515000
1381000
499000
530000
535000
514000
482000
485000
470000
461000
438000
454000
445000
486000
464000
459000
446000
451000
438000
424000
446000
458000
463000
442000
446000
450000
445000
421000
424000
443000
421000
406000
449000
430000
419000
456000
451000
406000
446000
397000
424000
402000
441000
412000
516000
440000
434000
426000
427000
446000
434000
441000
420000
409000
448000
432000
419000
444000
403000
415000
450000
406000
459000
442000
419000
403000
432000
456000
440000
403000
417000
472000
431000
442000
455000
449000
494000
467000
464000
486000
459000
447000
452000
509000
447000
462000
452000
461000
452000
443000
438000
433000
425000
440000
415000
458000
426000
455000
407000
456000
435000
398000
399000
402000
434000
410000
406000
443000
455000
420000
425000
446000
451000
442000
422000
417000
417000
444000
411000
452000
415000
426000
521000
466000
563000
430000
424000
1498000
499000
495000
525000
605000
520000
536000
465000
525000
471000
459000
467000
446000
477000
452000
456000
453000
441000
454000
448000
453000
455000
438000
426000
409000
458000
437000
461000
431000
403000
458000
431000
447000
443000
435000
410000
449000
463000
412000
429000
706000
474000
465000
448000
415000
443000
455000
490000
406000
419000
452000
441000
404000
395000
427000
400000
449000
437000
1026000
478000
521000
566000
467000
474000
484000
499000
469000
439000
437000
467000
436000
477000
443000
445000
405000
458000
431000
457000
428000
453000
445000
418000
406000
400000
411000
421000
437000
438000
448000
419000
418000
398000
432000
425000
444000
431000
450000
3860000
524000
527000
563000
552000
498000
503000
442000
551000
455000
493000
462000
455000
481000
450000
462000
431000
450000
438000
447000
449000
462000
456000
442000
454000
443000
442000
453000
463000
447000
435000
417000
446000
478000
440000
433000
468000
448000
499000
473000
400000
420000
456000
408000
419000
447000
406000
433000
427000
415000
436000
419000
449000
401000
465000
443000
415000
412000
413000
419000
443000
461000
444000
410000
1592000
503000
525000
486000
550000
511000
542000
525000
636000
510000
543000
526000
493000
461000
443000
431000
455000
470000
460000
443000
466000
443000
443000
424000
447000
400000
445000
454000
432000
445000
442000
441000
420000
446000
413000
446000
406000
436000
434000
422000
404000
431000
401000
443000
415000
441000
425000
437000
454000
459000
443000
455000
451000
424000
405000
448000
466000
410000
431000
457000
405000
443000
406000
455000
435000
440000
422000
438000
408000
452000
412000
422000
400000
403000
411000
404000
472000
425000
406000
413000
411000
414000
462000
458000
433000
419000
441000
438000
398000
405000
458000
415000
400000
408000
420000
433000
413000
413000
449000
408000
444000
448000
427000
402000
448000
451000
408000
411000
392000
451000
407000
414000
433000
445000
412000
433000
414000
442000
399000
444000
416000
455000
410000
404000
449000
408000
441000
474000
421000
440000
428000
416000
405000
430000
404000
455000
407000
441000
440000
437000
446000
394000
417000
393000
404000
427000
443000
450000
447000
393000
402000
423000
399000
388000
444000
398000
440000
398000
437000
435000
437000
425000
412000
399000
441000
536000
560000
496000
467000
458000
470000
468000
470000
437000
462000
451000
432000
455000
420000
454000
419000
432000
439000
456000
435000
437000
416000
452000
406000
403000
448000
415000
423000
417000
395000
418000
432000
420000
446000
422000
432000
518000
455000
455000
423000
411000
442000
419000
419000
422000
413000
456000
395000
490000
431000
417000
399000
442000
400000
407000
424000
416000
422000
403000
438000
413000
420000
450000
414000
438000
451000
395000
407000
410000
433000
427000
403000
447000
406000
412000
400000
443000
419000
406000
445000
447000
459000
389000
443000
407000
441000
398000
395000
451000
450000
414000
422000
399000
392000
444000
432000
440000
397000
433000
420000
439000
439000
397000
411000
407000
454000
441000
413000
460000
431000
430000
462000
415000
425000
432000
470000
457000
449000
439000
412000
459000
397000
419000
456000
405000
433000
444000
406000
433000
401000
430000
414000
444000
439000
436000
426000
438000
455000
443000
420000
422000
424000
436000
443000
405000
416000
411000
443000
411000
422000
432000
403000
455000
439000
446000
415000
409000
421000
435000
461000
428000
421000
433000
400000
426000
398000
433000
407000
415000
437000
410000
430000
413000
458000
405000
456000
417000
454000
415000
421000
451000
423000
419000
435000
419000
451000
407000
413000
437000
418000
414000
435000
443000
404000
465000
451000
417000
423000
405000
405000
436000
426000
421000
426000
450000
424000
448000
415000
419000
413000
393000
451000
406000
431000
424000
418000
445000
405000
430000
407000
451000
409000
404000
451000
411000
433000
431000
416000
557000
527000
529000
503000
500000
479000
458000
444000
440000
468000
466000
472000
444000
442000
446000
464000
433000
470000
484000
448000
435000
478000
481000
546000
538000
478000
518000
541000
725000
581000
565000
557000
511000
467000
523000
505000
480000
491000
473000
445000
458000
439000
450000
418000
442000
422000
430000
425000
478000
449000
434000
416000
417000
460000
417000
441000
428000
429000
437000
426000
464000
436000
485000
419000
453000
437000
436000
446000
440000
421000
418000
391000
451000
421000
431000
425000
407000
410000
493000
1550000
469000
496000
497000
499000
511000
508000
497000
558000
535000
492000
498000
456000
478000
473000
433000
429000
459000
426000
470000
435000
425000
389000
415000
406000
429000
397000
440000
456000
446000
429000
391000
441000
427000
392000
427000
383000
426000
396000
396000
402000
389000
378000
427000
395000
409000
423000
444000
385000
428000
422000
415000
432000
401000
428000
412000
433000
434000
411000
424000
388000
436000
423000
403000
502000
456000
453000
435000
389000
395000
403000
413000
393000
424000
387000
422000
435000
399000
432000
394000
407000
426000
421000
428000
435000
431000
400000
433000
434000
406000
439000
390000
433000
424000
436000
395000
408000
428000
405000
436000
423000
422000
423000
389000
383000
385000
394000
394000
435000
456000
445000
388000
438000
388000
386000
435000
391000
404000
435000
390000
387000
424000
394000
437000
390000
399000
435000
398000
413000
433000
416000
419000
395000
398000
390000
413000
417000
429000
388000
447000
407000
428000
428000
394000
425000
413000
399000
472000
400000
3816000
539000
518000
539000
485000
512000
443000
453000
452000
440000