693000
531000
487000
498000
471000
444000
432000
457000
437000
435000
447000
442000
461000
438000
413000
420000
705000
505000
521000
513000
550000
559000
537000
493000
527000
438000
450000
482000
465000
449000
475000
444000
455000
410000
418000
441000
461000
457000
445000
432000
430000
440000
407000
432000
418000
415000
447000
392000
406000
438000
429000
420000
403000
443000
442000
431000
437000
423000
446000
439000
437000
434000
430000
412000
407000
437000
389000
394000
393000
435000
401000
452000
1160000
482000
489000
532000
578000
506000
1415000
509000
485000
483000
537000
525000
1403000
524000
481000
519000
480000
519000
500000
490000
483000
519000
448000
476000
450000
429000
442000
436000
408000
454000
397000
399000
432000
431000
401000
407000
460000
429000
453000
391000
448000
415000
393000
413000
425000
409000
435000
389000
460000
434000
459000
401000
405000
433000
418000
423000
415000
432000
395000
445000
447000
392000
434000
440000
405000
430000
405000
421000
423000
452000
401000
441000
431000
421000
439000
390000
413000
441000
391000
431000
394000
416000
438000
427000
407000
467000
396000
391000
401000
437000
398000
393000
450000
428000
428000
393000
387000
445000
406000
441000
439000
487000
448000
407000
439000
432000
406000
446000
407000
404000
402000
446000
428000
438000
420000
413000
401000
402000
404000
441000
436000
400000
426000
396000
436000
396000
441000
400000
436000
435000
405000
417000
432000
451000
424000
423000
435000
405000
426000
396000
391000
433000
428000
544000
492000
491000
532000
473000
448000
480000
460000
446000
484000
438000
442000
433000
442000
462000
447000
465000
435000
439000
417000
440000
424000
439000
442000
413000
427000
432000
400000
451000
410000
435000
412000
417000
485000
416000
443000
401000
424000
451000
415000
404000
452000
407000
475000
428000
454000
1572000
498000
495000
542000
612000
536000
516000
500000
531000
457000
433000
432000
430000
432000
413000
442000
464000
432000
426000
417000
417000
459000
421000
432000
397000
433000
419000
451000
446000
408000
432000
412000
431000
441000
428000
409000
430000
410000
431000
422000
396000
391000
404000
402000
393000
407000
394000
434000
418000
388000
432000
406000
405000
437000
407000
446000
447000
435000
409000
401000
432000
422000
403000
463000
397000
448000
427000
479000
437000
416000
455000
450000
439000
385000
460000
394000
425000
428000
425000
438000
444000
429000
406000
436000
394000
436000
402000
413000
403000
436000
407000
396000
395000
435000
408000
426000
417000
419000
446000
434000
433000
414000
432000
398000
431000
430000
389000
448000
443000
456000
437000
428000
442000
463000
434000
457000
441000
454000
435000
401000
391000
966000
486000
494000
468000
586000
496000
491000
491000
446000
446000
477000
460000
452000
464000
451000
435000
431000
403000
429000
425000
483000
448000
472000
426000
440000
403000
431000
450000
445000
433000
444000
422000
420000
434000
437000
396000
438000
434000
385000
434000
393000
429000
431000
418000
389000
426000
425000
435000
400000
407000
425000
407000
403000
391000
439000
452000
420000
440000
516000
490000
515000
633000
487000
715000
494000
498000
457000
431000
443000
431000
417000
434000
458000
425000
431000
412000
420000
444000
466000
1018000
443000
439000
429000
438000
463000
455000
437000
432000
428000
393000
456000
471000
415000
436000
431000
424000
450000
408000
454000
414000
452000
440000
471000
446000
401000
485000
428000
447000
440000
429000
391000
432000
413000
412000
449000
436000
400000
430000
417000
444000
437000
442000
423000
423000
405000
408000
414000
403000
454000
412000
438000
429000
467000
428000
455000
423000
403000
389000
399000
424000
399000
433000
387000
424000
407000
434000
404000
408000
436000
402000
433000
416000
441000
435000
412000
408000
419000
429000
423000
432000
446000
390000
416000
385000
386000
443000
400000
438000
446000
429000
470000
459000
418000
438000
418000
395000
459000
449000
395000
451000
432000
421000
402000
407000
448000
418000
427000
411000
407000
430000
415000
444000
421000
392000
434000
393000
382000
456000
419000
432000
398000
391000
447000
398000
449000
688000
450000
428000
405000
430000
424000
414000
392000
436000
411000
383000
433000
381000
419000
386000
421000
426000
383000
434000
393000
399000
451000
389000
465000
437000
407000
436000
389000
382000
420000
392000
426000
389000
437000
419000
424000
427000
417000
452000
426000
401000
427000
433000
383000
426000
545000
453000
420000
439000
389000
426000
412000
428000
434000
397000
433000
386000
442000
424000
386000
434000
389000
410000
422000
380000
388000
379000
395000
403000
433000
433000
440000
427000
401000
400000
439000
397000
401000
521000
467000
485000
451000
439000
486000
429000
438000
440000
437000
420000
471000
415000
418000
407000
443000
405000
413000
417000
410000
423000
412000
431000
435000
424000
396000
409000
399000
437000
382000
435000
406000
397000
391000
435000
405000
387000
436000
442000
437000
388000
392000
463000
408000
439000
402000
433000
440000
411000
405000
410000
407000
426000
431000
390000
418000
392000
434000
402000
392000
415000
443000
389000
439000
386000
380000
382000
431000
392000
430000
407000
438000
398000
439000
422000
426000
429000
425000
400000
419000
411000
425000
427000
383000
416000
395000
426000
422000
401000
386000
440000
423000
398000
411000
395000
417000
424000
404000
438000
382000
428000
421000
422000
429000
398000
410000
389000
405000
421000
389000
422000
433000
388000
431000
426000
383000
428000
401000
422000
414000
401000
427000
435000
428000
448000
430000
417000
432000
390000
417000
436000
412000
427000
391000
435000
411000
396000
402000
428000
438000
435000
426000
401000
385000
448000
440000
389000
394000
412000
426000
410000
445000
408000
405000
403000
402000
434000
401000
442000
421000
442000
402000
425000
383000
414000
407000
414000
432000
425000
399000
403000
409000
417000
431000
405000
425000
444000
426000
454000
423000
404000
384000
387000
419000
418000
406000
430000
435000
431000
395000
438000
425000
404000
400000
436000
406000
439000
396000
407000
433000
436000
395000
431000
462000
397000
409000
398000
434000
402000
388000
441000
434000
386000
393000
391000
386000
446000
391000
426000
393000
430000
419000
431000
399000
3768000
507000
494000
468000
466000
449000
555000
428000
430000
450000
417000
411000
412000
464000
438000
437000
417000
421000
414000
423000
411000
427000
425000
438000
418000
439000
425000
417000
417000
434000
443000
463000
428000
415000
444000
433000
441000
402000
473000
413000
465000
409000
435000
465000
440000
425000
433000
417000
442000
411000
474000
412000
442000
463000
420000
414000
439000
398000
462000
444000
400000
451000
478000
393000
438000
430000
408000
402000
411000
391000
399000
432000
419000
432000
413000
437000
400000
446000
409000
434000
396000
463000
435000
396000
442000
436000
434000
428000
434000
423000
425000
392000
375000
431000
427000
404000
386000
422000
389000
432000
389000
409000
387000
454000
440000
420000
424000
433000
433000
397000
397000