880000
872000
811000
811000
811000
769000
780000
806000
775000
810000
776000
782000
1195000
1102000
878000
791000
856000
760000
793000
787000
859000
868000
841000
804000
771000
790000
769000
774000
750000
880000
819000
775000
758000
794000
756000
870000
801000
775000
921000
776000
774000
946000
769000
753000
1815000
917000
922000
934000
1040000
909000
907000
920000
896000
900000
837000
807000
1000000
812000
832000
825000
853000
827000
1027000
993000
811000
833000
895000
786000
810000
903000
822000
810000
819000
806000
819000
827000
863000
780000
810000
834000
847000
825000
757000
809000
775000
783000
802000
781000
761000
793000
751000
1162000
918000
834000
825000
804000
766000
781000
865000
848000
829000
780000
806000
781000
808000
780000
818000
770000
795000
758000
795000
808000
763000
819000
793000
761000
805000
775000
802000
798000
786000
781000
806000
4269000
933000
926000
923000
868000
870000
858000
947000
905000
854000
798000
815000
852000
813000
851000
850000
836000
787000
819000
815000
796000
831000
810000
827000
771000
770000
767000
813000
825000
772000
816000
768000
777000
802000
776000
1210000
891000
836000
745000
815000
783000
751000
773000
753000
768000
781000
740000
785000
1542000
894000
995000
1016000
925000
882000
812000
825000
783000
828000
804000
802000
795000
753000
810000
797000
753000
805000
829000
760000
751000
787000
774000
785000
789000
783000
775000
800000
747000
794000
764000
758000
748000
736000
769000
770000
765000
740000
761000
763000
782000
740000
773000
776000
809000
732000
782000
735000
785000
760000
752000
736000
777000
726000
737000
798000
731000
751000
744000
785000
796000
734000
785000
753000
787000
739000
771000
735000
800000
771000
783000
792000
771000
785000
797000
758000
786000
775000
773000
768000
784000
802000
832000
771000
828000
802000
771000
799000
799000
827000
812000
786000
753000
745000
789000
782000
762000
812000
784000
775000
784000
802000
725000
774000
767000
797000
785000
755000
787000
816000
760000
830000
755000
743000
759000
785000
778000
782000
725000
753000
788000
787000
786000
780000
790000
787000
744000
721000
785000
776000
743000
783000
739000
771000
775000
764000
760000
794000
759000
766000
772000
795000
732000
736000
765000
770000
770000
736000
788000
765000
748000
743000
769000
768000
799000
730000
750000
788000
796000
746000
833000
879000
940000
798000
751000
788000
728000
782000
775000
823000
747000
842000
802000
737000
784000
843000
749000
805000
810000
743000
792000
782000
805000
759000
793000
776000
751000
776000
732000
792000
755000
841000
787000
4356000
925000
891000
899000
910000
900000
818000
870000
853000
845000
797000
864000
919000
843000
807000
788000
861000
830000
776000
829000
819000
822000
768000
823000
794000
845000
842000
803000
752000
770000
778000
736000
808000
778000
803000
776000
804000
744000
781000
808000
737000
785000
791000
797000
735000
780000
792000
796000
759000
751000
829000
806000
748000
791000
785000
797000
830000
764000
757000
785000
749000
834000
812000
812000
864000
795000
767000
789000
739000
788000
825000
787000
750000
865000
766000
779000
770000
781000
804000
738000
740000
811000
755000
816000
755000
808000
785000
777000
784000
751000
781000
803000
780000
767000
801000
757000
796000
751000
811000
789000
825000
819000
789000
816000
763000
822000
751000
808000
739000
783000
787000
782000
762000
744000
790000
781000
760000
791000
764000
799000
773000
761000
766000
800000
773000
774000
752000
787000
792000
816000
782000
780000
734000
795000
782000
784000
792000
760000
772000
753000
859000
749000
774000
796000
780000
823000
812000
811000
803000
854000
833000
817000
802000
753000
763000
765000
753000
773000
775000
770000
789000
743000
737000
759000
787000
774000
749000
763000
787000
743000
770000
729000
1146000
880000
738000
777000
741000
763000
774000
789000
775000
761000
789000
812000
782000
774000
744000
734000
755000
797000
805000
750000
795000
778000
730000
779000
777000
782000
778000
805000
782000
762000
781000
782000
779000
791000
770000
779000
796000
752000
752000
789000
756000
755000
756000
806000
768000
788000
772000
771000
824000
753000
790000
947000
859000
782000
765000
748000
767000
764000
841000
845000
825000
750000
767000
740000
759000
750000
789000
803000
773000
4300000
992000
921000
894000
859000
850000
860000
871000
857000
850000
814000
794000
911000
829000
789000
832000
881000
810000
821000
771000
784000
846000
856000
743000
798000
759000
735000
810000
835000
772000
789000
827000
806000
1088000
842000
767000
857000
742000
760000
802000
750000
747000
771000
752000
792000
881000
728000
757000
777000
786000
792000
778000
780000
752000
767000
787000
786000
759000
732000
797000
761000
751000
729000
820000
762000
746000
783000
833000
736000
977000
1263000
839000
833000
749000
806000
817000
756000
829000
801000
796000
789000
752000
789000
747000
837000
759000
736000
842000
761000
928000
773000
876000
791000
754000
1088000
876000
768000
816000
797000
906000
766000
832000
819000
787000
803000
781000
818000
788000
799000
781000
793000
809000
878000
797000
787000
851000
800000
771000
769000
755000
840000
742000
784000
782000
742000
795000
757000
786000
757000
792000
780000
781000
739000
788000
782000
772000
781000
748000
730000
776000
795000
786000
792000
840000
754000
788000
798000
802000
752000
798000
846000
813000
805000
830000
813000
753000
791000
731000
794000
813000
779000
780000
819000
771000
778000
785000
747000
799000
792000
737000
785000
790000
799000
773000
783000
760000
807000
739000
789000
738000
780000
778000
741000
745000
789000
781000
741000
849000
964000
814000
799000
800000
735000
779000
807000
730000
805000
761000
800000
767000
767000
817000
747000
806000
769000
763000
787000
773000
788000
737000
795000
758000
792000
764000
765000
794000
738000
733000
800000
770000
785000
773000
724000
782000
774000
789000
924000
802000
790000
764000
743000
760000
779000
749000
777000
877000
810000
803000
793000
744000
750000
4300000
994000
973000
912000
868000
863000
802000
833000
799000
819000
816000
815000
798000
814000
836000
795000
846000
819000
811000
850000
777000
855000
914000
790000
805000
857000
766000
840000
815000
861000
830000
820000
823000
749000
803000
742000
787000
779000
719000
835000
782000
745000
777000
750000
798000
741000
763000
786000
780000
786000
756000
829000
769000
736000
803000
803000
790000
728000
792000
804000
772000
730000
795000
797000
765000
800000
804000
834000
774000
764000
783000
774000
753000
801000
894000
831000
746000
795000
802000
793000
741000
803000
770000
740000
793000
744000
828000
810000
799000
828000
793000
793000
740000
749000
785000
741000
780000
788000
794000
807000
765000
791000
794000
799000
735000
781000
732000
794000
749000
766000
800000
800000
794000
868000
766000
733000
770000
730000
786000
790000
788000
800000
735000
741000
761000
814000
775000
803000
738000
744000
790000
726000
767000
781000
867000
804000
787000
758000
789000
818000
778000
725000
795000
788000
731000
797000
782000
751000
787000
814000
803000
764000
726000
779000