1899000
607000
646000
567000
566000
642000
582000
4028000
564000
550000
583000
553000
573000
499000
543000
525000
517000
525000
529000
506000
511000
526000
479000
461000
463000
514000
477000
469000
463000
499000
489000
465000
474000
467000
505000
481000
487000
467000
485000
467000
503000
486000
466000
482000
487000
467000
480000
475000
489000
497000
468000
486000
467000
472000
492000
494000
472000
494000
493000
506000
495000
474000
491000
471000
465000
483000
460000
505000
475000
499000
481000
480000
466000
510000
504000
585000
477000
476000
498000
502000
488000
472000
533000
506000
494000
472000
462000
474000
484000
511000
506000
488000
495000
478000
517000
465000
493000
493000
489000
474000
464000
512000
535000
481000
508000
473000
495000
491000
474000
505000
515000
510000
480000
561000
559000
630000
516000
525000
504000
511000
519000
544000
501000
490000
480000
520000
474000
1635000
567000
519000
523000
544000
572000
623000
558000
553000
566000
567000
548000
648000
511000
516000
522000
507000
493000
502000
532000
539000
516000
479000
478000
531000
472000
463000
463000
519000
477000
472000
479000
479000
469000
499000
489000
487000
455000
484000
484000
452000
498000
464000
514000
452000
454000
491000
467000
472000
450000
484000
441000
444000
454000
501000
457000
536000
502000
468000
502000
447000
490000
528000
474000
499000
462000
449000
475000
456000
461000
488000
493000
503000
463000
503000
462000
491000
452000
453000
487000
457000
499000
491000
520000
485000
465000
498000
459000
472000
463000
498000
478000
457000
550000
548000
496000
549000
509000
529000
555000
501000
491000
513000
509000
526000
519000
512000
498000
509000
490000
478000
491000
496000
469000
504000
463000
486000
464000
469000
497000
471000
484000
478000
493000
502000
465000
473000
481000
460000
537000
471000
492000
500000
458000
474000
472000
479000
482000
486000
477000
464000
698000
581000
514000
470000
526000
498000
516000
503000
483000
496000
485000
504000
477000
489000
480000
448000
506000
487000
455000
450000
507000
503000
470000
485000
491000
485000
473000
454000
439000
441000
495000
485000
469000
508000
490000
488000
484000
513000
457000
482000
476000
493000
468000
469000
436000
499000
469000
454000
490000
478000
465000
482000
482000
481000
482000
460000
484000
497000
487000
478000
482000
507000
453000
488000
452000
494000
447000
491000
481000
480000
484000
479000
485000
449000
492000
449000
472000
439000
487000
510000
459000
438000
485000
468000
457000
477000
451000
450000
489000
458000
485000
490000
486000
482000
483000
570000
511000
621000
1279000
542000
617000
534000
520000
518000
530000
542000
580000
498000
543000
498000
506000
501000
474000
465000
485000
462000
480000
487000
462000
492000
496000
468000
474000
490000
471000
450000
521000
476000
470000
504000
458000
445000
486000
484000
454000
446000
477000
473000
471000
484000
477000
447000
485000
453000
464000
567000
501000
468000
517000
484000
511000
486000
451000
490000
489000
483000
487000
447000
456000
534000
502000
489000
448000
500000
451000
490000
469000
470000
607000
544000
512000
528000
509000
490000
496000
500000
516000
493000
468000
472000
497000
465000
521000
512000
497000
522000
466000
477000
482000
489000
487000
484000
516000
486000
479000
480000
477000
492000
500000
460000
454000
510000
466000
686000
564000
541000
534000
546000
637000
557000
528000
496000
575000
560000
540000
520000
504000
492000
498000
504000
535000
471000
490000
514000
486000
470000
464000
487000
489000
468000
1482000
546000
555000
559000
620000
551000
525000
529000
520000
501000
514000
491000
463000
490000
489000
467000
467000
484000
478000
496000
484000
462000
485000
488000
463000
489000
464000
486000
469000
460000
495000
465000
481000
469000
473000
565000
546000
602000
613000
510000
515000
471000
466000
482000
502000
475000
460000
485000
470000
508000
475000
471000
485000
483000
495000
487000
473000
493000
550000
563000
510000
596000
561000
537000
478000
539000
548000
499000
517000
564000
499000
511000
501000
494000
499000
472000
514000
469000
482000
523000
488000
471000
866000
568000
552000
510000
475000
462000
497000
478000
476000
1377000
539000
561000
559000
550000
552000
520000
635000
559000
540000
539000
512000
504000
483000
472000
485000
484000
460000
471000
473000
455000
463000
477000
482000
462000
457000
479000
516000
488000
493000
458000
453000
455000
469000
468000
491000
480000
488000
476000
495000
539000
571000
536000
551000
602000
521000
533000
702000
549000
537000
535000
510000
538000
485000
498000
505000
492000
488000
467000
448000
471000
497000
485000
488000
548000
534000
466000
492000
462000
489000
477000
875000
559000
575000
522000
460000
463000
474000
531000
477000
476000
468000
468000
484000
478000
490000
467000
524000
487000
485000
463000
481000
497000
468000
487000
480000
471000
493000
476000
508000
583000
492000
473000
487000
492000
484000
464000
475000
456000
475000
472000
479000
480000
512000
485000
474000
462000
458000
498000
483000
470000
504000
453000
469000
453000
432000
468000
435000
431000
455000
457000
445000
486000
440000
454000
430000
466000
445000
472000
464000
444000
452000
432000
445000
466000
467000
472000
430000
471000
429000
502000
481000
498000
475000
499000
437000
444000
456000
481000
1368000
552000
550000
603000
543000
543000
537000
547000
521000
496000
500000
516000
501000
464000
473000
455000
455000
474000
477000
1661000
558000
550000
504000
533000
559000
530000
706000
538000
556000
538000
533000
492000
513000
531000
479000
456000
465000
491000
479000
506000
502000
494000
522000
467000
485000
493000
468000
487000
445000
490000
454000
520000
485000
470000
445000
444000
539000
583000
566000
529000
529000
492000
473000
482000
477000
475000
506000
468000
471000
487000
487000
443000
483000
449000
480000
476000
441000
507000
547000
473000
444000
455000
518000
448000
473000
441000
489000
460000
472000
474000
457000
474000
440000
504000
475000
486000
480000
442000
487000
479000
453000
474000
479000
458000
488000
486000
477000
498000
452000
482000
480000
477000
451000
440000
468000
442000
1248000
535000
555000
623000
539000
532000
531000
533000
530000
542000
527000
533000
488000
533000
500000
474000
470000
462000
507000
496000
478000
509000
457000
463000
468000
477000
452000
466000
481000
446000
446000
475000
450000
448000
472000
431000
449000
481000
472000
470000
479000
868000
512000
558000
528000
526000
485000
493000
488000
490000
785000
514000
493000
463000
478000
477000
465000
427000
478000
439000
483000
446000
474000
472000
472000
460000
469000
476000
480000
466000
471000
442000
469000
435000
509000
523000
602000
530000
538000
538000
560000
474000
480000
467000
455000
446000
455000
431000
537000
495000
484000
1497000
528000
548000
620000
522000
536000
541000
495000
510000
538000
487000
464000
452000
513000
457000
431000
442000
481000
449000
497000
570000
496000
488000
474000
536000
487000
461000
456000
486000
462000
448000
438000
447000
475000
431000
468000
433000
476000
434000
450000
471000
466000
462000
468000
433000