2323000
1232000
1091000
1160000
2049000
1815000
1505000
2215000
1525000
1244000
1519000
2372000
1203000
1135000
1212000
1075000
1043000
1078000
953000
1002000
1053000
1189000
956000
2114000
875000
967000
917000
940000
830000
823000
882000
1047000
855000
880000
876000
1141000
921000
845000
2042000
865000
847000
1110000
814000
768000
779000
823000
847000
794000
817000
777000
772000
854000
3949000
857000
871000
928000
1242000
977000
809000
1132000
1115000
990000
764000
832000
1254000
1605000
2491000
1291000
772000
1969000
1055000
770000
798000
688000
672000
721000
646000
619000
669000
631000
624000
629000
1089000
713000
649000
1425000
701000
677000
723000
672000
876000
721000
769000
727000
713000
666000
678000
677000
637000
791000
712000
745000
662000
650000
669000
621000
707000
618000
656000
1633000
683000
889000
1270000
851000
1342000
738000
973000
713000
696000
696000
670000
689000
653000
618000
639000
725000
708000
664000
644000
619000
609000
597000
1637000
692000
640000
708000
652000
615000
669000
619000
622000
567000
574000
577000
611000
604000
623000
619000
583000
567000
570000
561000
579000
586000
566000
565000
567000
590000
588000
571000
616000
595000
734000
632000
584000
579000
613000
600000
590000
613000
617000
633000
579000
764000
610000
4374000
671000
639000
602000
642000
604000
601000
692000
632000
613000
595000
570000
576000
594000
574000
592000
587000
569000
572000
1133000
574000
696000
601000
579000
597000
558000
608000
603000
612000
595000
599000
578000
596000
1638000
582000
625000
806000
695000
656000
613000
609000
618000
627000
646000
733000
606000
611000
626000
730000
652000
647000
600000
598000
603000
593000
601000
642000
597000
604000
585000
547000
636000
614000
586000
568000
583000
550000
599000
636000
656000
615000
590000
634000
713000
600000
611000
598000
592000
610000
600000
580000
588000
538000
563000
543000
552000
640000
571000
559000
539000
510000
587000
535000
552000
531000
583000
608000
628000
612000
608000
610000
596000
611000
622000
658000
591000
574000
540000
552000
538000
643000
576000
552000
638000
597000
587000
605000
561000
564000
550000
555000
564000
587000
561000
592000
589000
575000
773000
606000
570000
524000
590000
646000
594000
659000
573000
585000
578000
559000
546000
577000
649000
609000
576000
566000
576000
626000
621000
595000
635000
781000
675000
619000
678000
594000
587000
595000
586000
557000
601000
569000
546000
593000
587000
568000
582000
579000
579000
569000
553000
558000
553000
565000
590000
568000
544000
561000
552000
571000
569000
587000
566000
568000
584000
539000
505000
557000
551000
549000
512000
603000
592000
536000
578000
557000
633000
582000
554000
567000
627000
510000
591000
547000
520000
608000
564000
535000
577000
589000
584000
541000
582000
536000
623000
627000
625000
597000
591000
624000
573000
551000
562000
595000
551000
563000
544000
600000
562000
578000
585000
629000
571000
589000
598000
589000
585000
564000
589000
563000
560000
550000
562000
533000
552000
552000
574000
504000
501000
572000
700000
619000
604000
601000
640000
634000
617000
1683000
625000
654000
646000
596000
582000
581000
594000
586000
613000
592000
546000
540000
545000
550000
538000
577000
577000
546000
541000
537000
560000
578000
567000
567000
522000
534000
974000
615000
608000
591000
612000
599000
588000
585000
531000
554000
548000
574000
558000
534000
533000
575000
529000
549000
544000
566000
560000
557000
549000
517000
504000
538000
597000
532000
578000
538000
571000
509000
503000
541000
558000
575000
557000
512000
542000
549000
537000
521000
550000
539000
570000
518000
554000
510000
565000
510000
584000
581000
1836000
612000
597000
666000
614000
685000
589000
575000
595000
584000
581000
603000
570000
536000
547000
521000
530000
518000
534000
516000
562000
524000
517000
639000
563000
548000
541000
557000
540000
527000
500000
557000
542000
549000
539000
567000
513000
552000
553000
532000
568000
553000
515000
557000
549000
490000
522000
522000
519000
554000
509000
526000
522000
496000
523000
509000
505000
508000
503000
503000
481000
526000
488000
487000
524000
533000
511000
504000
517000
505000
503000
517000
509000
498000
508000
480000
497000
500000
503000
541000
513000
525000
504000
520000
526000
591000
548000
507000
525000
4080000
1436000
612000
627000
603000
556000
656000
595000
576000
573000
612000
617000
616000
619000
574000
558000
545000
530000
566000
589000
587000
609000
765000
592000
634000
588000
592000
538000
515000
511000
510000
513000
507000
506000
507000
509000
577000
520000
546000
596000
552000
522000
575000
579000
592000
600000
1680000
925000
610000
577000
731000
601000
582000
627000
631000
573000
565000
616000
548000
529000
537000
526000
534000
521000
540000
527000
506000
528000
526000
527000
573000
570000
649000
1522000
645000
614000
589000
594000
565000
566000
565000
527000
557000
591000
524000
520000
544000
504000
502000
508000
535000
512000
507000
509000
513000
508000
541000
536000
492000
584000
537000
508000
574000
506000
555000
564000
522000
520000
499000
483000
479000
498000
477000
527000
520000
493000
500000
540000
564000
504000
536000
510000
546000
576000
583000
626000
504000
501000
486000
521000
508000
486000
510000
528000
517000
545000
516000
494000
505000
507000
493000
514000
521000
472000
480000
494000
515000
497000
489000
506000
508000
715000
542000
512000
528000
509000
527000
494000
508000
645000
711000
617000
675000
785000
590000
720000
641000
613000
596000
586000
639000
574000
598000
750000
568000
618000
571000
679000
599000
574000
589000
611000
570000
522000
532000
587000
657000
611000
561000
601000
601000
571000
530000
531000
516000
532000
520000
532000
519000
539000
512000
528000
524000
513000
528000
520000
496000
488000
524000
520000
526000
493000
525000
494000
514000
685000
595000
574000
518000
506000
523000
506000
508000
525000
510000
559000
591000
569000
644000
573000
617000
590000
545000
529000
516000
525000
491000
524000
543000
556000
510000
495000
496000
525000
489000
488000
517000
525000
509000
501000
481000
535000
526000
525000
476000
523000
525000
514000
541000
477000
476000
470000
513000
529000
499000
491000
492000
496000
458000
496000
463000
475000
503000
487000
495000
485000
545000
503000
493000
491000
500000
475000
486000
498000
505000
459000
485000
492000
754000
531000
614000
574000
613000
614000
556000
557000
569000
530000
501000
497000
571000
545000
485000
467000
505000
475000
536000
489000
519000
542000
457000
498000
502000
489000
488000
490000
501000
527000
852000
1246000
817000
543000
625000
570000
611000
596000
589000
575000
558000
538000
505000
589000
531000
504000
497000
495000
517000
584000
517000
535000
497000
536000
554000
527000
538000
551000
565000
535000
522000
548000
484000
530000
527000
523000
486000
525000
522000
498000
548000
525000
546000
493000
499000
493000
1887000
588000
584000
548000
597000
586000
610000
549000
672000
618000
617000
1149000
602000
586000
632000
596000
552000
514000
505000
510000
511000
549000
550000
558000
572000
582000
535000
586000
603000
643000
638000
568000
575000
606000
560000
535000
535000