2238000
1176000
1117000
1737000
1308000
1480000
1353000
1137000
1058000
1543000
1229000
2489000
1069000
1100000
1426000
973000
942000
920000
1130000
943000
934000
823000
878000
1274000
845000
820000
803000
866000
1009000
830000
815000
834000
870000
791000
811000
910000
796000
767000
805000
782000
846000
1825000
861000
826000
832000
794000
1283000
773000
796000
803000
871000
800000
3785000
800000
756000
893000
2655000
1257000
1207000
1114000
1027000
764000
778000
2033000
4122000
1221000
1182000
662000
664000
675000
650000
651000
1780000
772000
722000
732000
741000
1255000
675000
726000
700000
696000
1101000
701000
707000
656000
645000
647000
624000
625000
665000
656000
683000
652000
656000
681000
621000
639000
629000
640000
692000
662000
618000
621000
617000
582000
593000
608000
595000
604000
606000
612000
601000
685000
579000
593000
595000
604000
585000
596000
627000
577000
1648000
749000
692000
699000
1095000
645000
632000
621000
601000
611000
594000
644000
608000
633000
602000
642000
634000
582000
577000
669000
596000
593000
590000
580000
600000
664000
664000
664000
649000
690000
654000
615000
622000
653000
623000
639000
693000
642000
595000
584000
591000
585000
1578000
736000
697000
661000
626000
641000
629000
599000
582000
675000
1291000
652000
641000
654000
723000
610000
629000
642000
675000
705000
676000
4113000
664000
607000
632000
599000
609000
593000
649000
599000
586000
572000
564000
585000
567000
563000
550000
612000
601000
578000
601000
575000
560000
584000
1681000
609000
614000
603000
670000
628000
669000
607000
617000
618000
661000
616000
673000
616000
625000
700000
657000
598000
601000
590000
645000
590000
600000
570000
574000
589000
575000
618000
588000
564000
584000
562000
601000
605000
566000
1652000
646000
1660000
601000
615000
568000
621000
591000
600000
618000
591000
550000
594000
566000
581000
598000
578000
556000
557000
560000
585000
569000
576000
616000
606000
591000
576000
574000
646000
648000
629000
606000
604000
599000
597000
571000
578000
558000
565000
577000
585000
586000
565000
561000
540000
794000
636000
591000
549000
553000
643000
671000
549000
540000
546000
1060000
616000
612000
601000
589000
583000
552000
542000
551000
564000
553000
558000
560000
560000
767000
636000
537000
551000
527000
546000
542000
536000
572000
554000
544000
532000
529000
720000
590000
633000
625000
655000
585000
578000
563000
541000
549000
626000
566000
555000
563000
559000
540000
565000
532000
530000
538000
535000
529000
543000
552000
545000
532000
518000
526000
528000
539000
527000
530000
543000
526000
536000
501000
519000
587000
517000
574000
518000
521000
578000
535000
554000
578000
538000
529000
534000
591000
573000
537000
559000
555000
575000
566000
534000
573000
564000
653000
565000
531000
581000
567000
636000
4177000
600000
572000
604000
573000
575000
583000
597000
590000
566000
540000
561000
547000
600000
539000
549000
536000
607000
566000
595000
542000
603000
572000
594000
561000
533000
603000
503000
591000
535000
546000
597000
520000
548000
588000
528000
927000
590000
651000
601000
575000
1515000
587000
586000
628000
576000
617000
580000
578000
594000
582000
545000
534000
538000
535000
540000
524000
542000
537000
533000
536000
528000
536000
566000
560000
535000
523000
533000
988000
588000
625000
573000
541000
543000
529000
567000
528000
525000
541000
518000
530000
519000
535000
518000
530000
519000
517000
523000
516000
533000
523000
536000
519000
520000
527000
610000
571000
618000
590000
640000
555000
800000
680000
623000
615000
574000
579000
578000
550000
549000
581000
543000
648000
564000
534000
538000
754000
649000
771000
553000
565000
1744000
581000
592000
596000
580000
694000
617000
564000
619000
578000
584000
604000
638000
582000
597000
569000
576000
576000
540000
566000
533000
574000
538000
569000
543000
582000
544000
567000
535000
524000
579000
552000
517000
529000
571000
575000
591000
541000
572000
539000
546000
524000
511000
517000
511000
517000
519000
526000
494000
519000
537000
518000
513000
505000
511000
556000
568000
509000
560000
495000
538000
519000
559000
517000
569000
531000
512000
512000
543000
508000
488000
513000
546000
536000
514000
512000
518000
804000
579000
612000
586000
553000
532000
3887000
646000
563000
567000
559000
563000
1689000
617000
614000
556000
576000
592000
622000
571000
608000
554000
606000
545000
571000
577000
632000
923000
588000
588000
590000
686000
572000
586000
731000
620000
560000
588000
530000
535000
533000
534000
523000
529000
522000
532000
519000
521000
517000
527000
520000
526000
518000
529000
586000
601000
575000
580000
739000
590000
576000
582000
666000
576000
573000
560000
551000
534000
569000
554000
533000
576000
529000
508000
501000
499000
548000
496000
499000
514000
517000
568000
573000
605000
601000
574000
559000
553000
573000
555000
552000
559000
505000
544000
536000
635000
565000
510000
517000
536000
521000
552000
571000
577000
563000
515000
526000
498000
502000
497000
546000
516000
553000
528000
552000
520000
541000
569000
511000
561000
569000
493000
548000
509000
546000
521000
520000
532000
525000
633000
529000
512000
499000
495000
515000
498000
510000
525000
514000
472000
500000
506000
497000
500000
502000
509000
503000
491000
498000
531000
489000
498000
500000
511000
558000
504000
521000
493000
508000
501000
512000
507000
521000
513000
518000
524000
483000
510000
507000
506000
516000
496000
500000
537000
525000
519000
516000
745000
515000
521000
508000
536000
506000
494000
513000
682000
659000
635000
659000
622000
601000
676000
697000
566000
559000
608000
568000
554000
572000
531000
563000
524000
527000
516000
530000
515000
513000
510000
511000
514000
509000
510000
517000
533000
510000
521000
515000
525000
1010000
561000
560000
637000
557000
524000
510000
520000
530000
527000
513000
531000
521000
509000
513000
502000
496000
521000
512000
579000
556000
600000
642000
579000
552000
549000
599000
576000
511000
512000
496000
534000
517000
514000
506000
524000
521000
494000
495000
530000
508000
543000
492000
493000
507000
511000
503000
510000
520000
508000
511000
518000
509000
532000
519000
510000
506000
506000
505000
505000
506000
504000
512000
516000
509000
502000
492000
508000
487000
499000
496000
506000
511000
506000
506000
508000
509000
491000
509000
499000
502000
504000
497000
496000
539000
521000
508000
506000
510000
493000
497000
567000
514000
506000
510000
510000
508000
507000
506000
499000
499000
510000
504000
513000
498000
507000
501000
505000
504000
509000
504000
501000
722000
559000
553000
568000
561000
614000
599000
588000
549000
628000
548000
527000
534000
517000
519000
525000
500000
493000
529000
512000
574000
555000
576000
578000
593000
578000
604000
522000
506000
517000
511000
567000
562000
569000
565000
578000
565000
597000
563000
598000
564000
530000
531000
695000
549000
524000
566000
560000
544000
570000
551000
576000
566000
650000
611000
548000
1158000
642000
527000
617000
541000
558000
598000
531000
554000
524000
513000
514000
582000
558000
563000
564000
564000
598000
565000
566000
572000
540000
577000
510000
518000
517000