 5.89176
 5.93396
 4.64763
 4.85414
 5.0077
 6.755
 5.74687
 909.543
 911.799
 916.303
 913.702
 21.3594
 5.51442
 4.69064
 906.492
 19.6895
 23.6837
 21.6428
 21.8925
 11.6075
 5.34546
 10.0863
 29.5171
 909.571
 10.6284
 14.9805
 4.91712
 914.838
 13.7012
 12.0618
 15.0238
 36.0096
 12.7575
 934.412
 3.95135
 15.7168
 916.849
 914.307
 921.914
 5.18689
 5.59102
 10.8371
 921.669
 922.266
 26.8269
 25.7922
 16.1719
 27.0764
 35.1919
 38.4476
 945.38
 949.277
 37.2015
 38.6566
 941.521
 7.99588
 6.80764
 15.1182
 16.2795
 14.3174
 8.43288
 23.126
 8.17508
 939.543
 35.1628
 942.157
 941.058
 935.384
 39.5584
 42.4258
 50.8625
 37.6165
 46.9493
 12.3697
 14.7415
 21.8666
 19.6294
 33.3775
 7.95623
 4.68647
 5.87301
 904.76
 4.86422
 4.97583
 4.98584
 5.88681
 6.09184
 9.18052
 909.325
 913.733
 12.0422
 4.89171
 4.90005
 5.44371
 908.168
 919.999
 919.158
 924.205
 13.6144
 4.13412
 5.10076
 9.31243
 13.8275
 26.2114
 9.34188
 13.2734
 13.835
 35.4557
 36.1035
 12.9371
 12.6065
 929.307
 939.667
 15.1899
 4.66935
 29.5839
 36.7127
 35.7171
 34.3466
 13.6589
 16.4415
 919.638
 929.553
 5.08427
 19.3769
 17.8344
 18.1492
 933.785
 19.2475
 927.472
 946.783
 57.296
 25.1904
 21.5318
 955.27
 14.9969
 31.0338
 5.23644
