 990.91
 985.094
 936.506
 992.09
 1005.98
 1011.09
 1014.11
 958.238
 7.37972
 11.8023
 12.9364
 13.5592
 9.0216
 8.06334
 8.1827
 913.727
 1004.12
 1008.82
 1011.71
 1000.36
 1997.7
 1992.56
 2010.65
 2012.48
 19.2305
 921.08
 21.2372
 21.3451
 8.41041
 11.5563
 13.9761
 16.5796
 9.64989
 909.983
 6.80779
 11.3149
 13.9311
 929.896
 926.685
 930.808
 7.26629
 40.3246
 35.9362
 938.928
 28.8164
 37.3012
 33.1545
 13.8607
 6.13526
 5.76259
 8.09137
 8.45848
 26.9509
 24.294
 922.473
 922.659
 14.6182
 23.6646
 25.9716
 22.7837
 24.1373
 31.2336
 26.483
 25.6313
 13.1989
 13.0134
 46.2653
 21.5561
 926.758
 34.9629
 35.8788
 24.4557
 42.2365
 52.0767
 47.3112
 951.706
 21.0102
 28.4705
 36.8443
 55.5544
 914.144
 18.7263
 18.3238
 49.2494
 17.1727
 8.10301
 43.024
 39.0362
 13.4395
 17.0237
 986.669
 972.997
 82.3439
 84.1998
 992.389
 95.2063
 1948.04
 962.558
 1944.31
 1044.13
 7.26288
 13.0215
 6.12271
 5.19733
 1011.51Upload time
 998.224
 1018.07
 17.2849
 11.1519
 8.71375
 915.365
 1052.81
 61.1433
 1067.5
 1049.87
 14.8796
 13.8928
 10.9187
 919.101
 12.464
 17.8548
 16.8553
 16.8418
 8.97996
 32.1767
 27.5163
 23.484
 8.52352
 9.74788
 910.805
 910.385
 16.0745
 16.1715
 41.8442
 13.2055
 39.6056
 945.721
 35.828
 39.4118
 19.3197
 29.8176
 955.512
 38.3205
 20.5596
 31.0181
 29.6075
 29.9979
 14.7059
 41.8961
 45.3496
 46.8591
 23.3337
 27.0374
 27.9087
 13.1448
 33.6433
 29.9859
 42.3166
 40.8971
 46.6467
 47.9829
 925.349
 936.557
 38.8949
 972.739
 988.388
 980.738
 1001.31
 1928.29
 1961.17
 1983.67
 42.5546
 1009.98
 993.072
 1975.34
 26.584
 15.71
 37.7551
 35.755
 38.4159
 40.4455
 35.6931
 42.6597
